----This iRSA experiment results log for the subject SG --------------for the session number s01 --------- --------------for the run number 2 --------- ------The experiment took part on the 30-Sep-2010 10:37:02----- -------------------------------------------------- -------------------------------------------------- trialI  responseType_CrHMFa  rt  starttime  stimType  stimID1 1 1.819902e+003 3.001913e+004 0 72 WorkBuilding1.0.JPG
2 -20 0 3.403803e+004 -10 -1 NullEvent
3 3 2.205374e+003 3.804418e+004 1 52 RelativesBody1.1.jpg
4 1 2.113167e+003 4.205511e+004 0 40 FaceOneself1.0.JPG
5 -20 0 4.607411e+004 -10 -1 NullEvent
6 1 2.298649e+003 5.008017e+004 0 25 OwnHands1.0.jpg
7 3 2.472933e+003 5.409119e+004 1 26 OwnHands2.5.jpg
8 1 1.979763e+003 5.810320e+004 0 3 Bike1.0.jpg
9 1 2.566553e+003 6.211486e+004 0 39 FaceFather.JPG
10 1 2.992810e+003 6.612712e+004 0 13 FriendBody1.0.jpg
11 1 2.379799e+003 7.013897e+004 0 53 Shoes1.0.JPG
12 1 1.886502e+003 7.415112e+004 0 7 FaceFriend1.0.jpg
13 1 2.033131e+003 7.816312e+004 0 61 FriendsBody1.0.jpg
14 1 2.339939e+003 8.217485e+004 0 45 Kitchen1.0.JPG
15 1 2.192819e+003 8.618731e+004 0 60 FacePartner1.0.JPG
16 1 2.206312e+003 9.019917e+004 0 31 Shoes1.0.jpg
17 3 2.393279e+003 9.421082e+004 1 30 RelativeBody2.5.jpg
18 1 2.752820e+003 9.822309e+004 0 28 Pet2.0.jpg
19 1 2.939717e+003 1.022348e+005 0 62 FrontDoor.JPG
20 -20 0 1.062539e+005 -10 -1 NullEvent
21 -20 0 1.102659e+005 -10 -1 NullEvent
22 1 3.058264e+003 1.142722e+005 0 23 OwnDesk1.0.jpg
23 1 3.579248e+003 1.182831e+005 0 20 Kitchen2.0.jpg
24 1 2.193353e+003 1.222947e+005 0 47 OwnDesk1.0.JPG
25 1 2.766472e+003 1.263067e+005 0 24 OwnDesk2.0.jpg
26 1 2.979410e+003 1.303191e+005 0 18 Keys2.0.jpg
27 1 2.926056e+003 1.343311e+005 0 44 Keys1.0.jpg
28 1 2.992753e+003 1.383430e+005 0 17 Keys1.0.jpg
29 -20 0 1.423619e+005 -10 -1 NullEvent
30 1 3.818017e+003 1.463681e+005 0 35 WorkBuilding1.0.jpg
31 1 1.633479e+001 1.503789e+005 0 34 Sibling2.0.jpg
32 1 1.886624e+003 1.543908e+005 0 59 FaceOneself1.0.JPG
33 1 2.513115e+003 1.584028e+005 0 6 FaceFather2.0.jpg
34 1 2.726514e+003 1.624146e+005 0 36 WorkBuilding2.0.jpg
35 -20 0 1.664338e+005 -10 -1 NullEvent
36 -20 0 1.704458e+005 -10 -1 NullEvent
37 1 2.631954e+003 1.744519e+005 0 37 Bedroom1.0.JPG
38 -20 0 1.784698e+005 -10 -1 NullEvent
39 1 3.351740e+003 1.824759e+005 0 70 RelativeFace1.0.JPG
40 -20 0 1.864938e+005 -10 -1 NullEvent
41 1 2.445387e+003 1.904998e+005 0 63 Keys1.0.JPG
42 3 3.392668e+003 1.945109e+005 1 55 Bedroom1.1.jpg
43 1 1.966797e+003 1.985226e+005 0 33 Sibling1.0.jpg
44 4 3.019273e+003 2.025350e+005 0 5 FaceFather1.0.jpg
45 2 1.126985e+003 2.065466e+005 1 69 RelativeBody1.1.jpg
46 1 2.232998e+003 2.105589e+005 0 14 FriendBody2.0.jpg
47 1 2.299632e+003 2.145709e+005 0 4 Bike2.0.jpg
48 1 1.633500e+003 2.185825e+005 0 68 Pet1.0.JPG
49 1 2.606285e+003 2.225948e+005 0 41 FriendsBody1.0.JPG
50 1 2.166688e+003 2.266065e+005 0 67 OwnHands1.0.JPG
51 1 2.220020e+003 2.306185e+005 0 11 FacePartner1.0.jpg
52 1 2.859559e+003 2.346308e+005 0 65 LivingRoom1.0.JPG
53 -20 0 2.386497e+005 -10 -1 NullEvent
54 1 1.885524e+003 2.426558e+005 0 12 FacePartner2.0.jpg
55 -20 0 2.466737e+005 -10 -1 NullEvent
56 1 1.912256e+003 2.506797e+005 0 38 Bike1.0.JPG
57 -20 0 2.546977e+005 -10 -1 NullEvent
58 -20 0 2.587096e+005 -10 -1 NullEvent
59 -20 0 2.627217e+005 -10 -1 NullEvent
60 1 2.711946e+003 2.667277e+005 0 27 Pet1.0.jpg
61 1 2.339624e+003 2.707387e+005 0 48 OwnHands1.0.JPG
62 -20 0 2.747576e+005 -10 -1 NullEvent
63 1 1.765639e+003 2.787636e+005 0 50 Pet1.0.JPG
64 2 2.086736e+003 2.827744e+005 1 8 FaceFriend2.5.jpg
65 2 2.873141e+003 2.867864e+005 1 58 FaceFriend1.1.jpg
66 1 1.993109e+003 2.907987e+005 0 2 Bedroom2.0.jpg
67 -20 0 2.948175e+005 -10 -1 NullEvent
68 1 2.231917e+003 2.988238e+005 0 9 FaceOneSelf2.0.jpg
69 4 3.059397e+003 3.028347e+005 0 15 FrontDoor1.0.jpg
70 1 1.899786e+003 3.068467e+005 0 1 Bedroom1.0.jpg
71 1 1.513234e+003 3.108587e+005 0 10 FaceOneself1.0.jpg
72 -20 0 3.148775e+005 -10 -1 NullEvent
73 -20 0 3.188895e+005 -10 -1 NullEvent
74 1 1.698576e+003 3.228959e+005 0 57 FaceFather1.0.jpg
75 -20 0 3.269135e+005 -10 -1 NullEvent
76 -20 0 3.309255e+005 -10 -1 NullEvent
77 4 2.924946e+003 3.349318e+005 0 21 LivingRoom1.0.jpg
78 1 1.926415e+003 3.389427e+005 0 66 OwnDesk1.0.jpg
79 1 1.913409e+003 3.429543e+005 0 54 WorkBuilding1.0.JPG
80 1 2.446491e+003 3.469664e+005 0 29 RelativeBody1.0.jpg
81 -20 0 3.509854e+005 -10 -1 NullEvent
82 1 2.165459e+003 3.549915e+005 0 64 Kitchen1.0.JPG
83 1 2.086660e+003 3.590023e+005 0 19 Kitchen1.0.jpg
84 1 2.353021e+003 3.630145e+005 0 42 FriendsFace1.0.JPG
85 1 1.793464e+003 3.670263e+005 0 51 RelativeFace1.0.jpg
86 1 2.912730e+003 3.710386e+005 0 46 LivingRoom.JPG
87 1 2.286298e+003 3.750506e+005 0 56 Bike1.0.JPG
88 4 1.766403e+003 3.790626e+005 0 16 FrontDoor2.0.jpg
89 1 1.406535e+003 3.830746e+005 0 71 Shoes1.0.JPG
90 -20 0 3.870934e+005 -10 -1 NullEvent
91 1 1.805570e+003 3.910994e+005 0 22 LivingRoom2.0.jpg
92 -20 0 3.951174e+005 -10 -1 NullEvent
93 2 1.578675e+003 3.991238e+005 1 43 FrontDoor1.1.jpg
94 1 2.059596e+003 4.031346e+005 0 49 PartnerFace.JPG
95 -20 0 4.071534e+005 -10 -1 NullEvent
96 1 2.151806e+003 4.111597e+005 0 32 Shoes2.0.jpg
