----This iRSA experiment results log for the subject SG --------------for the session number s01 --------- --------------for the run number 7 --------- ------The experiment took part on the 30-Sep-2010 11:22:10----- -------------------------------------------------- -------------------------------------------------- trialI  responseType_CrHMFa  rt  starttime  stimType  stimID1 -20 0 3.002808e+004 -10 -1 NullEvent
2 2 1.471810e+003 3.403469e+004 1 9 FaceOneSelf2.5.jpg
3 -20 0 3.805203e+004 -10 -1 NullEvent
4 1 1.139148e+003 4.205812e+004 0 41 FriendsBody1.0.JPG
5 1 1.233251e+003 4.606927e+004 0 65 LivingRoom1.0.JPG
6 -20 0 5.008801e+004 -10 -1 NullEvent
7 1 8.189604e+002 5.409434e+004 0 32 Shoes2.0.jpg
8 1 1.193665e+003 5.810489e+004 0 17 Keys1.0.jpg
9 1 1.406988e+003 6.211684e+004 0 70 RelativeFace1.0.JPG
10 1 1.646908e+003 6.612880e+004 0 37 Bedroom1.0.JPG
11 1 1.393712e+003 7.014078e+004 0 13 FriendBody1.0.jpg
12 -20 0 7.416002e+004 -10 -1 NullEvent
13 1 1.699017e+003 7.816602e+004 0 61 FriendsBody1.0.jpg
14 3 2.139833e+003 8.217699e+004 1 19 Kitchen1.5.jpg
15 1 1.793508e+003 8.618878e+004 0 14 FriendBody2.0.jpg
16 1 8.471697e+002 9.020079e+004 0 22 LivingRoom2.0.jpg
17 1 1.313441e+003 9.421302e+004 0 29 RelativeBody1.0.jpg
18 1 1.340003e+003 9.822510e+004 0 8 FaceFriend2.0.jpg
19 2 1.766783e+003 1.022368e+005 1 39 FaceFather1.1.jpg
20 -20 0 1.062560e+005 -10 -1 NullEvent
21 1 9.125330e+002 1.102620e+005 0 12 FacePartner2.0.jpg
22 1 1.340126e+003 1.142730e+005 0 62 FrontDoor.JPG
23 1 1.193467e+003 1.182850e+005 0 69 RelativeBody1.0.JPG
24 1 1.886502e+003 1.222971e+005 0 42 FriendsFace1.0.JPG
25 1 1.740171e+003 1.263088e+005 0 21 LivingRoom1.0.jpg
26 1 6.604712e+002 1.303208e+005 0 59 FaceOneself1.0.JPG
27 4 3.019438e+003 1.343331e+005 0 24 OwnDesk2.0.jpg
28 -20 0 1.383520e+005 -10 -1 NullEvent
29 1 1.485366e+003 1.423582e+005 0 45 Kitchen1.0.JPG
30 1 1.300301e+003 1.463687e+005 0 4 Bike2.0.jpg
31 -20 0 1.503879e+005 -10 -1 NullEvent
32 1 2.005495e+003 1.543939e+005 0 20 Kitchen2.0.jpg
33 1 8.602781e+002 1.584049e+005 0 27 Pet1.0.jpg
34 1 9.271180e+002 1.624167e+005 0 15 FrontDoor1.0.jpg
35 1 1.940137e+003 1.664286e+005 0 16 FrontDoor2.0.jpg
36 1 1.526389e+003 1.704412e+005 0 26 OwnHands2.0.jpg
37 1 8.068165e+002 1.744530e+005 0 5 FaceFather1.0.jpg
38 1 1.673221e+003 1.784650e+005 0 40 FaceOneself1.0.JPG
39 -20 0 1.824838e+005 -10 -1 NullEvent
40 1 1.285544e+003 1.864901e+005 0 67 OwnHands1.0.JPG
41 1 1.673086e+003 1.905010e+005 0 36 WorkBuilding2.0.jpg
42 1 1.646504e+003 1.945130e+005 0 71 Shoes1.0.JPG
43 1 1.553278e+003 1.985249e+005 0 47 OwnDesk1.0.JPG
44 1 1.486782e+003 2.025368e+005 0 6 FaceFather2.0.jpg
45 -20 0 2.065558e+005 -10 -1 NullEvent
46 -20 0 2.105678e+005 -10 -1 NullEvent
47 1 1.725278e+003 2.145742e+005 0 28 Pet2.0.jpg
48 4 2.926248e+003 2.185848e+005 0 53 Shoes1.0.JPG
49 1 1.379874e+003 2.225970e+005 0 11 FacePartner1.0.jpg
50 1 1.606649e+003 2.266088e+005 0 55 Bedroom1.0.JPG
51 1 1.500058e+003 2.306207e+005 0 30 RelativeBody2.0.jpg
52 -20 0 2.346397e+005 -10 -1 NullEvent
53 2 1.765534e+003 2.386458e+005 1 48 OwnHands1.1.jpg
54 -20 0 2.426637e+005 -10 -1 NullEvent
55 1 1.472411e+003 2.466697e+005 0 66 OwnDesk1.0.jpg
56 -20 0 2.506877e+005 -10 -1 NullEvent
57 1 1.472280e+003 2.546938e+005 0 60 FacePartner1.0.JPG
58 1 1.353474e+003 2.587046e+005 0 56 Bike1.0.JPG
59 2 1.353278e+003 2.627169e+005 1 7 FaceFriend1.5.jpg
60 2 1.406476e+003 2.667290e+005 1 49 PartnerFace1.1.jpg
61 1 1.246984e+003 2.707405e+005 0 51 RelativeFace1.0.jpg
62 -20 0 2.747597e+005 -10 -1 NullEvent
63 1 1.552481e+003 2.787657e+005 0 1 Bedroom1.0.jpg
64 1 1.326755e+003 2.827767e+005 0 31 Shoes1.0.jpg
65 -20 0 2.867956e+005 -10 -1 NullEvent
66 1 1.272430e+003 2.908017e+005 0 50 Pet1.0.JPG
67 1 1.486937e+003 2.948124e+005 0 64 Kitchen1.0.JPG
68 1 1.659860e+003 2.988248e+005 0 2 Bedroom2.0.jpg
69 1 2.459562e+003 3.028368e+005 0 52 RelativesBody1.0.JPG
70 1 1.633224e+003 3.068487e+005 0 35 WorkBuilding1.0.jpg
71 1 1.673255e+003 3.108607e+005 0 54 WorkBuilding1.0.JPG
72 4 2.579495e+003 3.148728e+005 0 25 OwnHands1.0.jpg
73 -20 0 3.188916e+005 -10 -1 NullEvent
74 -20 0 3.229036e+005 -10 -1 NullEvent
75 -20 0 3.269156e+005 -10 -1 NullEvent
76 1 1.765557e+003 3.309216e+005 0 3 Bike1.0.jpg
77 -20 0 3.349396e+005 -10 -1 NullEvent
78 -20 0 3.389515e+005 -10 -1 NullEvent
79 -20 0 3.429635e+005 -10 -1 NullEvent
80 2 1.338794e+003 3.469698e+005 1 10 FaceOneself1.5.jpg
81 4 8.601108e+002 3.509806e+005 0 63 Keys1.0.JPG
82 1 1.166640e+003 3.549927e+005 0 34 Sibling2.0.jpg
83 1 2.113381e+003 3.590043e+005 0 38 Bike1.0.JPG
84 1 1.166733e+003 3.630166e+005 0 58 FaceFriend1.0.JPG
85 1 1.446655e+003 3.670285e+005 0 44 Keys1.0.jpg
86 1 1.339967e+003 3.710406e+005 0 33 Sibling1.0.jpg
87 1 1.326992e+003 3.750523e+005 0 43 FrontDoor1.0.JPG
88 1 1.459987e+003 3.790645e+005 0 46 LivingRoom.JPG
89 -20 0 3.830835e+005 -10 -1 NullEvent
90 1 1.645362e+003 3.870898e+005 0 23 OwnDesk1.0.jpg
91 1 1.593467e+003 3.911004e+005 0 68 Pet1.0.JPG
92 -20 0 3.951194e+005 -10 -1 NullEvent
93 -20 0 3.991314e+005 -10 -1 NullEvent
94 2 2.072167e+003 4.031375e+005 1 18 Keys2.5.jpg
95 1 1.379943e+003 4.071485e+005 0 57 FaceFather1.0.jpg
96 1 1.553512e+003 4.111603e+005 0 72 WorkBuilding1.0.JPG
