----This iRSA experiment results log for the subject SG --------------for the session number s01 --------- --------------for the run number 9 --------- ------The experiment took part on the 30-Sep-2010 11:38:17----- -------------------------------------------------- -------------------------------------------------- trialI  responseType_CrHMFa  rt  starttime  stimType  stimID1 1 1.380374e+003 3.001931e+004 0 49 PartnerFace.JPG
2 -20 0 3.403855e+004 -10 -1 NullEvent
3 2 1.325669e+003 3.804467e+004 1 51 RelativeFace1.1.jpg
4 -20 0 4.206254e+004 -10 -1 NullEvent
5 1 1.312247e+003 4.606875e+004 0 61 FriendsBody1.0.jpg
6 1 1.366976e+003 5.007933e+004 0 59 FaceOneself1.0.JPG
7 1 1.326691e+003 5.409163e+004 0 36 WorkBuilding2.0.jpg
8 1 1.780097e+003 5.810334e+004 0 3 Bike1.0.jpg
9 1 1.353324e+003 6.211561e+004 0 43 FrontDoor1.0.JPG
10 -20 0 6.613450e+004 -10 -1 NullEvent
11 1 1.685700e+003 7.014051e+004 0 11 FacePartner1.0.jpg
12 1 1.286582e+003 7.415166e+004 0 48 OwnHands1.0.JPG
13 -20 0 7.817047e+004 -10 -1 NullEvent
14 1 1.112233e+003 8.217677e+004 0 64 Kitchen1.0.JPG
15 -20 0 8.619447e+004 -10 -1 NullEvent
16 1 1.312434e+003 9.020049e+004 0 12 FacePartner2.0.jpg
17 1 1.366457e+003 9.421177e+004 0 10 FaceOneself1.0.jpg
18 1 1.433503e+003 9.822336e+004 0 66 OwnDesk1.0.jpg
19 1 1.380227e+003 1.022353e+005 0 68 Pet1.0.JPG
20 1 1.193380e+003 1.062475e+005 0 71 Shoes1.0.JPG
21 1 1.273413e+003 1.102595e+005 0 15 FrontDoor1.0.jpg
22 1 1.393120e+003 1.142717e+005 0 56 Bike1.0.JPG
23 -20 0 1.182904e+005 -10 -1 NullEvent
24 1 1.458999e+003 1.222965e+005 0 35 WorkBuilding1.0.jpg
25 1 1.406655e+003 1.263075e+005 0 30 RelativeBody2.0.jpg
26 2 1.379901e+003 1.303196e+005 1 57 FaceFather1.1.jpg
27 1 1.379914e+003 1.343316e+005 0 13 FriendBody1.0.jpg
28 1 1.859773e+003 1.383435e+005 0 47 OwnDesk1.0.JPG
29 -20 0 1.423623e+005 -10 -1 NullEvent
30 -20 0 1.463744e+005 -10 -1 NullEvent
31 1 8.992022e+002 1.503804e+005 0 32 Shoes2.0.jpg
32 1 1.926527e+003 1.543914e+005 0 46 LivingRoom.JPG
33 1 1.513358e+003 1.584034e+005 0 1 Bedroom1.0.jpg
34 1 1.540098e+003 1.624152e+005 0 18 Keys2.0.jpg
35 1 1.446874e+003 1.664271e+005 0 69 RelativeBody1.0.JPG
36 1 1.566722e+003 1.704393e+005 0 40 FaceOneself1.0.JPG
37 1 1.340218e+003 1.744512e+005 0 4 Bike2.0.jpg
38 1 8.600280e+002 1.784635e+005 0 72 WorkBuilding1.0.JPG
39 -20 0 1.824823e+005 -10 -1 NullEvent
40 2 1.339149e+003 1.864883e+005 1 17 Keys1.5.jpg
41 -20 0 1.905063e+005 -10 -1 NullEvent
42 1 1.379006e+003 1.945124e+005 0 37 Bedroom1.0.JPG
43 1 9.400809e+002 1.985234e+005 0 7 FaceFriend1.0.jpg
44 1 1.459999e+003 2.025353e+005 0 67 OwnHands1.0.JPG
45 1 1.646889e+003 2.065470e+005 0 6 FaceFather2.0.jpg
46 1 1.540220e+003 2.105591e+005 0 58 FaceFriend1.0.JPG
47 2 1.366879e+003 2.145711e+005 1 22 LivingRoom2.5.jpg
48 1 1.286638e+003 2.185834e+005 0 53 Shoes1.0.JPG
49 1 1.260045e+003 2.225953e+005 0 60 FacePartner1.0.JPG
50 -20 0 2.266142e+005 -10 -1 NullEvent
51 1 9.388932e+002 2.306205e+005 0 28 Pet2.0.jpg
52 -20 0 2.346382e+005 -10 -1 NullEvent
53 2 3.364803e+003 2.386445e+005 1 45 Kitchen1.1.jpg
54 1 1.393331e+003 2.426553e+005 0 70 RelativeFace1.0.JPG
55 -20 0 2.466741e+005 -10 -1 NullEvent
56 -20 0 2.506861e+005 -10 -1 NullEvent
57 -20 0 2.546981e+005 -10 -1 NullEvent
58 3 3.285041e+003 2.587042e+005 1 20 Kitchen2.5.jpg
59 1 1.393319e+003 2.627152e+005 0 25 OwnHands1.0.jpg
60 1 1.313630e+003 2.667269e+005 0 44 Keys1.0.jpg
61 1 1.206980e+003 2.707390e+005 0 34 Sibling2.0.jpg
62 1 1.566600e+003 2.747512e+005 0 16 FrontDoor2.0.jpg
63 1 1.299943e+003 2.787633e+005 0 65 LivingRoom1.0.JPG
64 1 1.619874e+003 2.827752e+005 0 2 Bedroom2.0.jpg
65 -10 0 2.867870e+005 0 5 FaceFather1.0.jpg
66 1 1.193467e+003 2.907991e+005 0 42 FriendsFace1.0.JPG
67 -20 0 2.948180e+005 -10 -1 NullEvent
68 1 1.298862e+003 2.988242e+005 0 23 OwnDesk1.0.jpg
69 -20 0 3.028420e+005 -10 -1 NullEvent
70 1 1.618748e+003 3.068483e+005 0 19 Kitchen1.0.jpg
71 1 1.740210e+003 3.108588e+005 0 8 FaceFriend2.0.jpg
72 1 1.459979e+003 3.148711e+005 0 54 WorkBuilding1.0.JPG
73 1 1.313184e+003 3.188833e+005 0 29 RelativeBody1.0.jpg
74 1 1.780096e+003 3.228949e+005 0 27 Pet1.0.jpg
75 1 1.486700e+003 3.269070e+005 0 33 Sibling1.0.jpg
76 1 9.670848e+002 3.309188e+005 0 50 Pet1.0.JPG
77 1 1.606857e+003 3.349308e+005 0 62 FrontDoor.JPG
78 -20 0 3.389499e+005 -10 -1 NullEvent
79 -20 0 3.429620e+005 -10 -1 NullEvent
80 1 2.058869e+003 3.469680e+005 0 52 RelativesBody1.0.JPG
81 -20 0 3.509859e+005 -10 -1 NullEvent
82 1 1.418998e+003 3.549920e+005 0 26 OwnHands2.0.jpg
83 -20 0 3.590099e+005 -10 -1 NullEvent
84 1 1.005596e+003 3.630162e+005 0 14 FriendBody2.0.jpg
85 -20 0 3.670339e+005 -10 -1 NullEvent
86 -20 0 3.710459e+005 -10 -1 NullEvent
87 2 1.445439e+003 3.750522e+005 1 21 LivingRoom1.5.jpg
88 1 1.539929e+003 3.790630e+005 0 24 OwnDesk2.0.jpg
89 1 1.499729e+003 3.830752e+005 0 39 FaceFather.JPG
90 1 1.499781e+003 3.870871e+005 0 9 FaceOneSelf2.0.jpg
91 1 1.539714e+003 3.910992e+005 0 31 Shoes1.0.jpg
92 1 1.433301e+003 3.951110e+005 0 41 FriendsBody1.0.JPG
93 1 1.766265e+003 3.991232e+005 0 55 Bedroom1.0.JPG
94 2 1.939830e+003 4.031349e+005 1 38 Bike1.1.jpg
95 -20 0 4.071538e+005 -10 -1 NullEvent
96 1 1.312348e+003 4.111599e+005 0 63 Keys1.0.JPG
