----This iRSA experiment results log for the subject SG --------------for the session number s01 --------- --------------for the run number 4 --------- ------The experiment took part on the 30-Sep-2010 10:53:56----- -------------------------------------------------- -------------------------------------------------- trialI  responseType_CrHMFa  rt  starttime  stimType  stimID1 -20 0 3.003111e+004 -10 -1 NullEvent
2 1 1.791890e+003 3.403758e+004 0 49 PartnerFace.JPG
3 -20 0 3.805516e+004 -10 -1 NullEvent
4 1 1.618660e+003 4.206151e+004 0 26 OwnHands2.0.jpg
5 1 1.846626e+003 4.607212e+004 0 69 RelativeBody1.0.JPG
6 1 1.766553e+003 5.008424e+004 0 4 Bike2.0.jpg
7 4 3.819164e+003 5.409625e+004 0 46 LivingRoom.JPG
8 2 1.553380e+003 5.810806e+004 1 12 FacePartner2.5.jpg
9 1 1.793218e+003 6.212019e+004 0 7 FaceFriend1.0.jpg
10 4 2.486466e+003 6.613205e+004 0 62 FrontDoor.JPG
11 -20 0 7.015109e+004 -10 -1 NullEvent
12 1 1.445689e+003 7.415711e+004 0 29 RelativeBody1.0.jpg
13 1 2.206554e+003 7.816805e+004 0 21 LivingRoom1.0.jpg
14 -20 0 8.218704e+004 -10 -1 NullEvent
15 -20 0 8.619905e+004 -10 -1 NullEvent
16 1 1.152478e+003 9.020508e+004 0 31 Shoes1.0.jpg
17 1 1.846415e+003 9.421619e+004 0 19 Kitchen1.0.jpg
18 -20 0 9.823503e+004 -10 -1 NullEvent
19 2 1.458981e+003 1.022411e+005 1 53 Shoes1.1.jpg
20 1 1.646747e+003 1.062520e+005 0 52 RelativesBody1.0.JPG
21 2 1.393620e+003 1.102638e+005 1 41 FriendsBody1.1.jpg
22 -20 0 1.142830e+005 -10 -1 NullEvent
23 1 1.898851e+003 1.182890e+005 0 72 WorkBuilding1.0.JPG
24 1 1.606469e+003 1.223002e+005 0 45 Kitchen1.0.JPG
25 1 1.500113e+003 1.263119e+005 0 39 FaceFather.JPG
26 1 1.953367e+003 1.303238e+005 0 27 Pet1.0.jpg
27 1 1.740199e+003 1.343357e+005 0 37 Bedroom1.0.JPG
28 1 2.286685e+003 1.383478e+005 0 20 Kitchen2.0.jpg
29 -20 0 1.423670e+005 -10 -1 NullEvent
30 1 1.538906e+003 1.463731e+005 0 71 Shoes1.0.JPG
31 2 1.366917e+003 1.503837e+005 1 6 FaceFather2.5.jpg
32 1 1.619699e+003 1.543962e+005 0 63 Keys1.0.JPG
33 1 1.633506e+003 1.584077e+005 0 42 FriendsFace1.0.JPG
34 1 1.913455e+003 1.624197e+005 0 38 Bike1.0.JPG
35 1 2.806034e+003 1.664321e+005 0 23 OwnDesk1.0.jpg
36 1 2.140012e+003 1.704437e+005 0 40 FaceOneself1.0.JPG
37 1 1.580155e+003 1.744557e+005 0 5 FaceFather1.0.jpg
38 1 2.859690e+003 1.784678e+005 0 47 OwnDesk1.0.JPG
39 1 1.500245e+003 1.824797e+005 0 70 RelativeFace1.0.JPG
40 1 1.726421e+003 1.864921e+005 0 15 FrontDoor1.0.jpg
41 1 1.646883e+003 1.905037e+005 0 68 Pet1.0.JPG
42 -20 0 1.945228e+005 -10 -1 NullEvent
43 1 1.752211e+003 1.985289e+005 0 59 FaceOneself1.0.JPG
44 1 2.019894e+003 2.025398e+005 0 10 FaceOneself1.0.jpg
45 1 2.193049e+003 2.065519e+005 0 67 OwnHands1.0.JPG
46 4 2.713143e+003 2.105637e+005 0 24 OwnDesk2.0.jpg
47 1 1.726851e+003 2.145756e+005 0 34 Sibling2.0.jpg
48 1 1.966394e+003 2.185879e+005 0 48 OwnHands1.0.JPG
49 1 1.433583e+003 2.225996e+005 0 57 FaceFather1.0.jpg
50 1 1.872837e+003 2.266122e+005 0 22 LivingRoom2.0.jpg
51 1 1.993167e+003 2.306239e+005 0 43 FrontDoor1.0.JPG
52 1 2.432928e+003 2.346359e+005 0 33 Sibling1.0.jpg
53 1 2.726122e+003 2.386480e+005 0 64 Kitchen1.0.JPG
54 -20 0 2.426667e+005 -10 -1 NullEvent
55 1 2.045329e+003 2.466730e+005 0 35 WorkBuilding1.0.jpg
56 -20 0 2.506907e+005 -10 -1 NullEvent
57 1 1.645395e+003 2.546970e+005 0 66 OwnDesk1.0.jpg
58 1 2.606298e+003 2.587077e+005 0 32 Shoes2.0.jpg
59 -20 0 2.627267e+005 -10 -1 NullEvent
60 1 1.858648e+003 2.667330e+005 0 28 Pet2.0.jpg
61 2 2.099544e+003 2.707440e+005 1 2 Bedroom2.5.jpg
62 1 1.686600e+003 2.747557e+005 0 25 OwnHands1.0.jpg
63 2 1.699983e+003 2.787677e+005 1 16 FrontDoor2.5.jpg
64 4 2.992925e+003 2.827796e+005 0 30 RelativeBody2.0.jpg
65 1 1.513272e+003 2.867918e+005 0 18 Keys2.0.jpg
66 1 1.739958e+003 2.908036e+005 0 50 Pet1.0.JPG
67 1 2.726262e+003 2.948157e+005 0 3 Bike1.0.jpg
68 -20 0 2.988346e+005 -10 -1 NullEvent
69 1 1.898854e+003 3.028407e+005 0 54 WorkBuilding1.0.JPG
70 -20 0 3.068586e+005 -10 -1 NullEvent
71 1 2.245376e+003 3.108647e+005 0 65 LivingRoom1.0.JPG
72 1 2.473115e+003 3.148756e+005 0 44 Keys1.0.jpg
73 1 1.953131e+003 3.188877e+005 0 51 RelativeFace1.0.jpg
74 -20 0 3.229066e+005 -10 -1 NullEvent
75 -20 0 3.269186e+005 -10 -1 NullEvent
76 2 1.565484e+003 3.309249e+005 1 14 FriendBody2.5.jpg
77 1 2.153066e+003 3.349357e+005 0 55 Bedroom1.0.JPG
78 1 2.619869e+003 3.389474e+005 0 60 FacePartner1.0.JPG
79 4 3.006170e+003 3.429596e+005 0 1 Bedroom1.0.jpg
80 -20 0 3.469785e+005 -10 -1 NullEvent
81 1 1.725316e+003 3.509849e+005 0 61 FriendsBody1.0.jpg
82 1 2.379824e+003 3.549955e+005 0 8 FaceFriend2.0.jpg
83 1 2.193012e+003 3.590076e+005 0 9 FaceOneSelf2.0.jpg
84 -20 0 3.630265e+005 -10 -1 NullEvent
85 1 1.538724e+003 3.670328e+005 0 13 FriendBody1.0.jpg
86 -20 0 3.710505e+005 -10 -1 NullEvent
87 1 1.499011e+003 3.750565e+005 0 58 FaceFriend1.0.JPG
88 -20 0 3.790744e+005 -10 -1 NullEvent
89 -20 0 3.830865e+005 -10 -1 NullEvent
90 1 2.498419e+003 3.870928e+005 0 36 WorkBuilding2.0.jpg
91 -20 0 3.911104e+005 -10 -1 NullEvent
92 1 1.298781e+003 3.951167e+005 0 17 Keys1.0.jpg
93 2 1.486536e+003 3.991277e+005 1 11 FacePartner1.5.jpg
94 -20 0 4.031464e+005 -10 -1 NullEvent
95 -20 0 4.071584e+005 -10 -1 NullEvent
96 1 1.605431e+003 4.111647e+005 0 56 Bike1.0.JPG
