----This iRSA experiment results log for the subject SG --------------for the session number s01 --------- --------------for the run number 6 --------- ------The experiment took part on the 30-Sep-2010 11:10:28----- -------------------------------------------------- -------------------------------------------------- trialI  responseType_CrHMFa  rt  starttime  stimType  stimID1 -20 0 3.003295e+004 -10 -1 NullEvent
2 1 1.618683e+003 3.403929e+004 0 70 RelativeFace1.0.JPG
3 1 1.593388e+003 3.804994e+004 0 39 FaceFather.JPG
4 1 1.859917e+003 4.206197e+004 0 41 FriendsBody1.0.JPG
5 -20 0 4.608086e+004 -10 -1 NullEvent
6 1 2.498474e+003 5.008719e+004 0 15 FrontDoor1.0.jpg
7 -20 0 5.410486e+004 -10 -1 NullEvent
8 1 1.672326e+003 5.811092e+004 0 16 FrontDoor2.0.jpg
9 2 1.393594e+003 6.212170e+004 1 36 WorkBuilding2.5.jpg
10 1 1.366987e+003 6.613368e+004 0 1 Bedroom1.0.jpg
11 1 1.953122e+003 7.014600e+004 0 72 WorkBuilding1.0.JPG
12 1 1.646581e+003 7.415797e+004 0 5 FaceFather1.0.jpg
13 1 2.566376e+003 7.816987e+004 0 69 RelativeBody1.0.JPG
14 1 1.433510e+003 8.218178e+004 0 55 Bedroom1.0.JPG
15 2 1.313653e+003 8.619364e+004 1 47 OwnDesk1.1.jpg
16 1 8.867914e+002 9.020596e+004 0 54 WorkBuilding1.0.JPG
17 -20 0 9.422487e+004 -10 -1 NullEvent
18 2 1.285624e+003 9.823096e+004 1 4 Bike2.5.jpg
19 -20 0 1.022488e+005 -10 -1 NullEvent
20 -20 0 1.062608e+005 -10 -1 NullEvent
21 2 1.085554e+003 1.102671e+005 1 29 RelativeBody1.5.jpg
22 -20 0 1.142847e+005 -10 -1 NullEvent
23 1 1.538872e+003 1.182909e+005 0 35 WorkBuilding1.0.jpg
24 1 1.406601e+003 1.223020e+005 0 43 FrontDoor1.0.JPG
25 1 2.206645e+003 1.263136e+005 0 14 FriendBody2.0.jpg
26 1 2.659505e+003 1.303259e+005 0 21 LivingRoom1.0.jpg
27 1 1.779826e+003 1.343379e+005 0 66 OwnDesk1.0.jpg
28 1 1.606577e+003 1.383500e+005 0 63 Keys1.0.JPG
29 1 1.593190e+003 1.423619e+005 0 45 Kitchen1.0.JPG
30 -20 0 1.463807e+005 -10 -1 NullEvent
31 1 1.339043e+003 1.503868e+005 0 71 Shoes1.0.JPG
32 1 1.753501e+003 1.543975e+005 0 12 FacePartner2.0.jpg
33 -20 0 1.584167e+005 -10 -1 NullEvent
34 3 2.991835e+003 1.624228e+005 1 60 FacePartner1.1.jpg
35 -20 0 1.664407e+005 -10 -1 NullEvent
36 1 1.352342e+003 1.704468e+005 0 51 RelativeFace1.0.jpg
37 1 1.433491e+003 1.744576e+005 0 18 Keys2.0.jpg
38 1 1.473177e+003 1.784699e+005 0 59 FaceOneself1.0.JPG
39 -20 0 1.824886e+005 -10 -1 NullEvent
40 1 1.445510e+003 1.864949e+005 0 27 Pet1.0.jpg
41 1 1.419984e+003 1.905058e+005 0 58 FaceFriend1.0.JPG
42 1 1.753149e+003 1.945178e+005 0 13 FriendBody1.0.jpg
43 1 1.460176e+003 1.985296e+005 0 31 Shoes1.0.jpg
44 1 1.473336e+003 2.025416e+005 0 52 RelativesBody1.0.JPG
45 1 1.886558e+003 2.065537e+005 0 19 Kitchen1.0.jpg
46 1 1.473262e+003 2.105657e+005 0 53 Shoes1.0.JPG
47 2 1.366763e+003 2.145776e+005 1 25 OwnHands1.5.jpg
48 1 1.673381e+003 2.185895e+005 0 30 RelativeBody2.0.jpg
49 1 1.926419e+003 2.226017e+005 0 42 FriendsFace1.0.JPG
50 1 1.873065e+003 2.266138e+005 0 48 OwnHands1.0.JPG
51 1 1.766822e+003 2.306254e+005 0 28 Pet2.0.jpg
52 1 1.339974e+003 2.346377e+005 0 56 Bike1.0.JPG
53 -20 0 2.386565e+005 -10 -1 NullEvent
54 1 1.872189e+003 2.426626e+005 0 37 Bedroom1.0.JPG
55 -20 0 2.466805e+005 -10 -1 NullEvent
56 -20 0 2.506925e+005 -10 -1 NullEvent
57 -20 0 2.547045e+005 -10 -1 NullEvent
58 1 1.472370e+003 2.587105e+005 0 62 FrontDoor.JPG
59 1 3.072740e+003 2.627216e+005 0 65 LivingRoom1.0.JPG
60 1 2.232986e+003 2.667336e+005 0 8 FaceFriend2.0.jpg
61 1 2.792661e+003 2.707458e+005 0 23 OwnDesk1.0.jpg
62 -20 0 2.747644e+005 -10 -1 NullEvent
63 1 1.472177e+003 2.787707e+005 0 32 Shoes2.0.jpg
64 1 2.219744e+003 2.827815e+005 0 10 FaceOneself1.0.jpg
65 1 9.399630e+002 2.867937e+005 0 68 Pet1.0.JPG
66 1 1.433273e+003 2.908056e+005 0 33 Sibling1.0.jpg
67 1 1.420090e+003 2.948175e+005 0 67 OwnHands1.0.JPG
68 1 2.113204e+003 2.988294e+005 0 44 Keys1.0.jpg
69 1 1.406778e+003 3.028414e+005 0 7 FaceFriend1.0.jpg
70 1 1.300168e+003 3.068534e+005 0 57 FaceFather1.0.jpg
71 -20 0 3.108724e+005 -10 -1 NullEvent
72 1 1.459062e+003 3.148784e+005 0 9 FaceOneSelf2.0.jpg
73 1 1.793233e+003 3.188895e+005 0 6 FaceFather2.0.jpg
74 -20 0 3.229084e+005 -10 -1 NullEvent
75 1 2.072104e+003 3.269144e+005 0 2 Bedroom2.0.jpg
76 -20 0 3.309324e+005 -10 -1 NullEvent
77 1 1.352427e+003 3.349384e+005 0 17 Keys1.0.jpg
78 -20 0 3.389563e+005 -10 -1 NullEvent
79 1 1.472036e+003 3.429627e+005 0 22 LivingRoom2.0.jpg
80 -20 0 3.469803e+005 -10 -1 NullEvent
81 -20 0 3.509924e+005 -10 -1 NullEvent
82 2 1.672005e+003 3.549987e+005 1 61 FriendsBody1.1.jpg
83 1 1.540251e+003 3.590091e+005 0 40 FaceOneself1.0.JPG
84 1 1.446950e+003 3.630211e+005 0 11 FacePartner1.0.jpg
85 -20 0 3.670403e+005 -10 -1 NullEvent
86 1 2.338641e+003 3.710464e+005 0 24 OwnDesk2.0.jpg
87 1 1.859953e+003 3.750572e+005 0 49 PartnerFace.JPG
88 1 1.340252e+003 3.790691e+005 0 3 Bike1.0.jpg
89 1 1.646848e+003 3.830811e+005 0 20 Kitchen2.0.jpg
90 1 2.659563e+003 3.870934e+005 0 46 LivingRoom.JPG
91 2 1.606688e+003 3.911053e+005 1 50 Pet1.1.jpg
92 1 1.459932e+003 3.951174e+005 0 34 Sibling2.0.jpg
93 1 2.739562e+003 3.991293e+005 0 38 Bike1.0.JPG
94 1 2.033437e+003 4.031410e+005 0 64 Kitchen1.0.JPG
95 -20 0 4.071602e+005 -10 -1 NullEvent
96 1 1.645676e+003 4.111662e+005 0 26 OwnHands2.0.jpg
