----This iRSA experiment results log for the subject SG --------------for the session number s01 --------- --------------for the run number 1 --------- ------The experiment took part on the 30-Sep-2010 10:27:55----- -------------------------------------------------- -------------------------------------------------- trialI  responseType_CrHMFa  rt  starttime  stimType  stimID1 1 2.612937e+003 3.007442e+004 0 20 Kitchen2.0.jpg
2 -20 0 3.410905e+004 -10 -1 NullEvent
3 1 1.649623e+003 3.811534e+004 0 52 RelativesBody1.0.JPG
4 -20 0 4.213722e+004 -10 -1 NullEvent
5 -20 0 4.614925e+004 -10 -1 NullEvent
6 -20 0 5.016126e+004 -10 -1 NullEvent
7 -20 0 5.417326e+004 -10 -1 NullEvent
8 -20 0 5.818524e+004 -10 -1 NullEvent
9 1 1.578986e+003 6.219129e+004 0 48 OwnHands1.0.JPG
10 -20 0 6.620928e+004 -10 -1 NullEvent
11 1 2.391727e+003 7.021556e+004 0 46 LivingRoom.JPG
12 1 2.126421e+003 7.422634e+004 0 27 Pet1.0.jpg
13 -20 0 7.824519e+004 -10 -1 NullEvent
14 -20 0 8.225719e+004 -10 -1 NullEvent
15 1 1.832258e+003 8.626324e+004 0 19 Kitchen1.0.jpg
16 1 1.753482e+003 9.027404e+004 0 13 FriendBody1.0.jpg
17 -20 0 9.429317e+004 -10 -1 NullEvent
18 1 2.405375e+003 9.829922e+004 0 22 LivingRoom2.0.jpg
19 -20 0 1.023172e+005 -10 -1 NullEvent
20 1 3.338403e+003 1.063232e+005 0 39 FaceFather.JPG
21 1 1.806818e+003 1.103340e+005 0 70 RelativeFace1.0.JPG
22 1 2.672869e+003 1.143463e+005 0 59 FaceOneself1.0.JPG
23 3 3.406139e+003 1.183581e+005 1 34 Sibling2.5.jpg
24 1 3.512955e+003 1.223699e+005 0 16 FrontDoor2.0.jpg
25 -10 0 1.263821e+005 0 66 OwnDesk1.0.jpg
26 3 7.798944e+002 1.303946e+005 1 15 FrontDoor1.5.jpg
27 1 1.753177e+003 1.344062e+005 0 25 OwnHands1.0.jpg
28 1 1.793055e+003 1.384183e+005 0 23 OwnDesk1.0.jpg
29 1 1.766288e+003 1.424305e+005 0 50 Pet1.0.JPG
30 -20 0 1.464491e+005 -10 -1 NullEvent
31 1 2.085519e+003 1.504551e+005 0 61 FriendsBody1.0.jpg
32 2 1.686486e+003 1.544663e+005 1 32 Shoes2.5.jpg
33 -20 0 1.584851e+005 -10 -1 NullEvent
34 3 1.872242e+003 1.624911e+005 1 3 Bike1.5.jpg
35 -20 0 1.665091e+005 -10 -1 NullEvent
36 1 2.365386e+003 1.705151e+005 0 40 FaceOneself1.0.JPG
37 -20 0 1.745331e+005 -10 -1 NullEvent
38 1 2.231792e+003 1.785394e+005 0 64 Kitchen1.0.JPG
39 1 2.992832e+003 1.825501e+005 0 49 PartnerFace.JPG
40 1 1.806581e+003 1.865621e+005 0 30 RelativeBody2.0.jpg
41 1 1.726666e+003 1.905740e+005 0 33 Sibling1.0.jpg
42 1 1.726532e+003 1.945861e+005 0 57 FaceFather1.0.jpg
43 1 1.486811e+003 1.985979e+005 0 67 OwnHands1.0.JPG
44 1 1.633402e+003 2.026099e+005 0 6 FaceFather2.0.jpg
45 -20 0 2.066290e+005 -10 -1 NullEvent
46 1 2.338693e+003 2.106350e+005 0 43 FrontDoor1.0.JPG
47 1 2.246723e+003 2.146457e+005 0 26 OwnHands2.0.jpg
48 1 1.873172e+003 2.186581e+005 0 58 FaceFriend1.0.JPG
49 1 1.699724e+003 2.226702e+005 0 31 Shoes1.0.jpg
50 1 3.086386e+003 2.266817e+005 0 11 FacePartner1.0.jpg
51 1 2.433017e+003 2.306940e+005 0 37 Bedroom1.0.JPG
52 4 3.179411e+003 2.347060e+005 0 5 FaceFather1.0.jpg
53 1 2.153045e+003 2.387181e+005 0 44 Keys1.0.jpg
54 1 2.646419e+003 2.427298e+005 0 2 Bedroom2.0.jpg
55 -20 0 2.467489e+005 -10 -1 NullEvent
56 4 3.178476e+003 2.507549e+005 0 35 WorkBuilding1.0.jpg
57 1 1.993412e+003 2.547657e+005 0 29 RelativeBody1.0.jpg
58 -20 0 2.587848e+005 -10 -1 NullEvent
59 1 2.645088e+003 2.627911e+005 0 47 OwnDesk1.0.JPG
60 -20 0 2.668089e+005 -10 -1 NullEvent
61 -20 0 2.708208e+005 -10 -1 NullEvent
62 -20 0 2.748329e+005 -10 -1 NullEvent
63 1 2.431801e+003 2.788391e+005 0 8 FaceFriend2.0.jpg
64 3 3.619302e+003 2.828499e+005 1 72 WorkBuilding1.1.jpg
65 -20 0 2.868688e+005 -10 -1 NullEvent
66 -20 0 2.908808e+005 -10 -1 NullEvent
67 1 2.352093e+003 2.948868e+005 0 38 Bike1.0.JPG
68 1 2.446605e+003 2.988976e+005 0 60 FacePartner1.0.JPG
69 1 2.992571e+003 3.029101e+005 0 24 OwnDesk2.0.jpg
70 2 1.833206e+003 3.069219e+005 1 42 FriendsFace1.1.jpg
71 -20 0 3.109408e+005 -10 -1 NullEvent
72 1 1.858889e+003 3.149468e+005 0 69 RelativeBody1.0.JPG
73 1 1.753439e+003 3.189577e+005 0 7 FaceFriend1.0.jpg
74 1 1.766545e+003 3.229698e+005 0 4 Bike2.0.jpg
75 1 2.019900e+003 3.269817e+005 0 63 Keys1.0.JPG
76 1 2.019871e+003 3.309938e+005 0 18 Keys2.0.jpg
77 3 1.780173e+003 3.350055e+005 1 65 LivingRoom1.1.jpg
78 1 1.886489e+003 3.390178e+005 0 36 WorkBuilding2.0.jpg
79 1 1.740030e+003 3.430297e+005 0 53 Shoes1.0.JPG
80 1 1.966482e+003 3.470418e+005 0 41 FriendsBody1.0.JPG
81 1 1.873177e+003 3.510538e+005 0 56 Bike1.0.JPG
82 1 2.099868e+003 3.550657e+005 0 45 Kitchen1.0.JPG
83 1 2.685938e+003 3.590781e+005 0 9 FaceOneSelf2.0.jpg
84 1 3.246086e+003 3.630897e+005 0 1 Bedroom1.0.jpg
85 1 1.979695e+003 3.671019e+005 0 71 Shoes1.0.JPG
86 1 2.033377e+003 3.711135e+005 0 51 RelativeFace1.0.jpg
87 1 2.113303e+003 3.751255e+005 0 17 Keys1.0.jpg
88 1 2.326590e+003 3.791375e+005 0 12 FacePartner2.0.jpg
89 1 2.606515e+003 3.831495e+005 0 21 LivingRoom1.0.jpg
90 1 2.139684e+003 3.871618e+005 0 68 Pet1.0.JPG
91 1 2.659558e+003 3.911737e+005 0 10 FaceOneself1.0.jpg
92 1 2.779899e+003 3.951854e+005 0 62 FrontDoor.JPG
93 2 1.526624e+003 3.991977e+005 1 54 WorkBuilding1.1.jpg
94 1 2.366593e+003 4.032094e+005 0 14 FriendBody2.0.jpg
95 1 2.406348e+003 4.072217e+005 0 28 Pet2.0.jpg
96 1 3.113072e+003 4.112334e+005 0 55 Bedroom1.0.JPG
