----This iRSA experiment results log for the subject SG --------------for the session number s01 --------- --------------for the run number 8 --------- ------The experiment took part on the 30-Sep-2010 11:30:14----- -------------------------------------------------- -------------------------------------------------- trialI  responseType_CrHMFa  rt  starttime  stimType  stimID1 3 2.979708e+003 3.002459e+004 1 63 Keys1.1.jpg
2 -20 0 3.404370e+004 -10 -1 NullEvent
3 1 1.312268e+003 3.804990e+004 0 27 Pet1.0.jpg
4 1 1.140100e+003 4.206073e+004 0 52 RelativesBody1.0.JPG
5 -20 0 4.607968e+004 -10 -1 NullEvent
6 -20 0 5.009169e+004 -10 -1 NullEvent
7 1 1.765546e+003 5.409776e+004 0 20 Kitchen2.0.jpg
8 1 1.406953e+003 5.810847e+004 0 72 WorkBuilding1.0.JPG
9 1 1.766586e+003 6.212069e+004 0 39 FaceFather.JPG
10 1 2.086686e+003 6.613246e+004 0 18 Keys2.0.jpg
11 1 1.646567e+003 7.014475e+004 0 21 LivingRoom1.0.jpg
12 -20 0 7.416369e+004 -10 -1 NullEvent
13 -20 0 7.817560e+004 -10 -1 NullEvent
14 2 2.071938e+003 8.218189e+004 1 40 FaceOneself1.1.jpg
15 1 1.419991e+003 8.619272e+004 0 17 Keys1.0.jpg
16 1 1.846512e+003 9.020471e+004 0 49 PartnerFace.JPG
17 1 1.420060e+003 9.421663e+004 0 57 FaceFather1.0.jpg
18 1 1.313519e+003 9.822854e+004 0 3 Bike1.0.jpg
19 -20 0 1.022476e+005 -10 -1 NullEvent
20 1 1.405404e+003 1.062539e+005 0 19 Kitchen1.0.jpg
21 1 1.353354e+003 1.102646e+005 0 25 OwnHands1.0.jpg
22 1 1.300102e+003 1.142766e+005 0 32 Shoes2.0.jpg
23 1 1.259925e+003 1.182888e+005 0 45 Kitchen1.0.JPG
24 -20 0 1.223075e+005 -10 -1 NullEvent
25 -20 0 1.263195e+005 -10 -1 NullEvent
26 -20 0 1.303315e+005 -10 -1 NullEvent
27 1 1.565646e+003 1.343375e+005 0 41 FriendsBody1.0.JPG
28 2 1.979796e+003 1.383486e+005 1 24 OwnDesk2.5.jpg
29 -20 0 1.423675e+005 -10 -1 NullEvent
30 1 1.458705e+003 1.463739e+005 0 34 Sibling2.0.jpg
31 1 1.353394e+003 1.503845e+005 0 70 RelativeFace1.0.JPG
32 -20 0 1.544035e+005 -10 -1 NullEvent
33 1 6.190556e+002 1.584098e+005 0 31 Shoes1.0.jpg
34 -20 0 1.624274e+005 -10 -1 NullEvent
35 1 1.659025e+003 1.664334e+005 0 37 Bedroom1.0.JPG
36 1 1.473449e+003 1.704444e+005 0 60 FacePartner1.0.JPG
37 -20 0 1.744634e+005 -10 -1 NullEvent
38 1 1.272370e+003 1.784695e+005 0 33 Sibling1.0.jpg
39 2 1.793390e+003 1.824804e+005 1 67 OwnHands1.1.jpg
40 1 1.366710e+003 1.864924e+005 0 15 FrontDoor1.0.jpg
41 1 1.446781e+003 1.905043e+005 0 22 LivingRoom2.0.jpg
42 1 1.260315e+003 1.945162e+005 0 2 Bedroom2.0.jpg
43 1 1.486829e+003 1.985283e+005 0 46 LivingRoom.JPG
44 1 1.313617e+003 2.025402e+005 0 43 FrontDoor1.0.JPG
45 1 9.268574e+002 2.065524e+005 0 12 FacePartner2.0.jpg
46 1 1.860154e+003 2.105642e+005 0 16 FrontDoor2.0.jpg
47 1 1.966461e+003 2.145765e+005 0 47 OwnDesk1.0.JPG
48 -20 0 2.185953e+005 -10 -1 NullEvent
49 1 9.792532e+002 2.226013e+005 0 29 RelativeBody1.0.jpg
50 1 1.539999e+003 2.266123e+005 0 42 FriendsFace1.0.JPG
51 1 1.553155e+003 2.306245e+005 0 38 Bike1.0.JPG
52 -20 0 2.346433e+005 -10 -1 NullEvent
53 1 1.045835e+003 2.386494e+005 0 4 Bike2.0.jpg
54 1 1.419990e+003 2.426604e+005 0 28 Pet2.0.jpg
55 1 1.619788e+003 2.466725e+005 0 61 FriendsBody1.0.jpg
56 1 9.534786e+002 2.506844e+005 0 69 RelativeBody1.0.JPG
57 1 1.553264e+003 2.546964e+005 0 62 FrontDoor.JPG
58 1 1.580179e+003 2.587081e+005 0 13 FriendBody1.0.jpg
59 -20 0 2.627272e+005 -10 -1 NullEvent
60 -20 0 2.667392e+005 -10 -1 NullEvent
61 1 1.578962e+003 2.707453e+005 0 30 RelativeBody2.0.jpg
62 1 1.353239e+003 2.747564e+005 0 5 FaceFather1.0.jpg
63 2 1.486689e+003 2.787683e+005 1 35 WorkBuilding1.5.jpg
64 1 1.313184e+003 2.827804e+005 0 58 FaceFriend1.0.JPG
65 1 1.046639e+003 2.867925e+005 0 6 FaceFather2.0.jpg
66 1 1.326641e+003 2.908043e+005 0 66 OwnDesk1.0.jpg
67 1 1.499891e+003 2.948163e+005 0 68 Pet1.0.JPG
68 1 2.272784e+003 2.988285e+005 0 9 FaceOneSelf2.0.jpg
69 -20 0 3.028472e+005 -10 -1 NullEvent
70 1 2.072168e+003 3.068532e+005 0 53 Shoes1.0.JPG
71 1 1.393404e+003 3.108642e+005 0 8 FaceFriend2.0.jpg
72 1 1.300302e+003 3.148759e+005 0 23 OwnDesk1.0.jpg
73 1 1.553560e+003 3.188880e+005 0 14 FriendBody2.0.jpg
74 1 1.086825e+003 3.229002e+005 0 48 OwnHands1.0.JPG
75 1 1.740178e+003 3.269119e+005 0 1 Bedroom1.0.jpg
76 -20 0 3.309311e+005 -10 -1 NullEvent
77 1 9.655417e+002 3.349374e+005 0 55 Bedroom1.0.JPG
78 -20 0 3.389551e+005 -10 -1 NullEvent
79 -20 0 3.429671e+005 -10 -1 NullEvent
80 1 1.032530e+003 3.469731e+005 0 71 Shoes1.0.JPG
81 1 2.073117e+003 3.509843e+005 0 10 FaceOneself1.0.jpg
82 1 1.779904e+003 3.549961e+005 0 65 LivingRoom1.0.JPG
83 1 1.913440e+003 3.590079e+005 0 26 OwnHands2.0.jpg
84 1 1.233468e+003 3.630201e+005 0 50 Pet1.0.JPG
85 1 1.380329e+003 3.670318e+005 0 51 RelativeFace1.0.jpg
86 1 1.340279e+003 3.710439e+005 0 56 Bike1.0.JPG
87 2 1.393220e+003 3.750562e+005 1 59 FaceOneself1.1.jpg
88 -20 0 3.790750e+005 -10 -1 NullEvent
89 1 1.365460e+003 3.830813e+005 0 36 WorkBuilding2.0.jpg
90 1 1.326826e+003 3.870920e+005 0 7 FaceFriend1.0.jpg
91 -20 0 3.911109e+005 -10 -1 NullEvent
92 -20 0 3.951230e+005 -10 -1 NullEvent
93 4 2.791943e+003 3.991290e+005 0 54 WorkBuilding1.0.JPG
94 2 1.500222e+003 4.031398e+005 1 44 Keys1.1.jpg
95 2 1.393128e+003 4.071523e+005 1 64 Kitchen1.1.jpg
96 1 1.273172e+003 4.111643e+005 0 11 FacePartner1.0.jpg
