----This iRSA experiment results log for the subject SG --------------for the session number s01 --------- --------------for the run number 3 --------- ------The experiment took part on the 30-Sep-2010 10:45:53----- -------------------------------------------------- -------------------------------------------------- trialI  responseType_CrHMFa  rt  starttime  stimType  stimID1 -20 0 3.002898e+004 -10 -1 NullEvent
2 4 2.151659e+003 3.403550e+004 0 41 FriendsBody1.0.JPG
3 2 1.473438e+003 3.804594e+004 1 66 OwnDesk1.1.jpg
4 1 1.593107e+003 4.205819e+004 0 36 WorkBuilding2.0.jpg
5 -20 0 4.607695e+004 -10 -1 NullEvent
6 1 1.898787e+003 5.008304e+004 0 60 FacePartner1.0.JPG
7 1 1.846835e+003 5.409374e+004 0 50 Pet1.0.JPG
8 -20 0 5.811289e+004 -10 -1 NullEvent
9 1 2.272120e+003 6.211894e+004 0 72 WorkBuilding1.0.JPG
10 2 1.566861e+003 6.612974e+004 1 27 Pet1.5.jpg
11 1 1.619661e+003 7.014227e+004 0 30 RelativeBody2.0.jpg
12 -20 0 7.416090e+004 -10 -1 NullEvent
13 4 2.125188e+003 7.816719e+004 0 21 LivingRoom1.0.jpg
14 -20 0 8.218489e+004 -10 -1 NullEvent
15 3 1.778903e+003 8.619095e+004 1 1 Bedroom1.5.jpg
16 1 1.859619e+003 9.020219e+004 0 54 WorkBuilding1.0.JPG
17 1 2.006394e+003 9.421407e+004 0 39 FaceFather.JPG
18 -20 0 9.823287e+004 -10 -1 NullEvent
19 -20 0 1.022449e+005 -10 -1 NullEvent
20 1 1.952222e+003 1.062509e+005 0 62 FrontDoor.JPG
21 -20 0 1.102688e+005 -10 -1 NullEvent
22 1 1.765332e+003 1.142751e+005 0 4 Bike2.0.jpg
23 1 2.766534e+003 1.182856e+005 0 64 Kitchen1.0.JPG
24 1 1.953154e+003 1.222979e+005 0 67 OwnHands1.0.JPG
25 1 3.046414e+003 1.263096e+005 0 37 Bedroom1.0.JPG
26 1 2.699858e+003 1.303216e+005 0 29 RelativeBody1.0.jpg
27 1 2.259682e+003 1.343339e+005 0 13 FriendBody1.0.jpg
28 1 2.312958e+003 1.383459e+005 0 6 FaceFather2.0.jpg
29 1 1.819626e+003 1.423581e+005 0 9 FaceOneSelf2.0.jpg
30 -20 0 1.463767e+005 -10 -1 NullEvent
31 1 2.312127e+003 1.503827e+005 0 10 FaceOneself1.0.jpg
32 1 2.193215e+003 1.543937e+005 0 58 FaceFriend1.0.JPG
33 1 2.526320e+003 1.584058e+005 0 14 FriendBody2.0.jpg
34 4 3.019779e+003 1.624175e+005 0 47 OwnDesk1.0.JPG
35 1 1.579905e+003 1.664299e+005 0 69 RelativeBody1.0.JPG
36 -20 0 1.704487e+005 -10 -1 NullEvent
37 -20 0 1.744607e+005 -10 -1 NullEvent
38 1 2.031930e+003 1.784669e+005 0 26 OwnHands2.0.jpg
39 1 2.659558e+003 1.824778e+005 0 20 Kitchen2.0.jpg
40 2 1.540000e+003 1.864898e+005 1 68 Pet1.1.jpg
41 1 3.312927e+003 1.905015e+005 0 18 Keys2.0.jpg
42 2 1.473222e+003 1.945138e+005 1 56 Bike1.1.jpg
43 -20 0 1.985326e+005 -10 -1 NullEvent
44 1 2.498753e+003 2.025387e+005 0 38 Bike1.0.JPG
45 1 2.433273e+003 2.065494e+005 0 2 Bedroom2.0.jpg
46 1 2.393027e+003 2.105617e+005 0 61 FriendsBody1.0.jpg
47 1 2.100094e+003 2.145734e+005 0 70 RelativeFace1.0.JPG
48 4 3.246095e+003 2.185857e+005 0 16 FrontDoor2.0.jpg
49 1 1.566906e+003 2.225974e+005 0 31 Shoes1.0.jpg
50 1 1.900064e+003 2.266094e+005 0 42 FriendsFace1.0.JPG
51 1 2.446530e+003 2.306215e+005 0 15 FrontDoor1.0.jpg
52 -20 0 2.346405e+005 -10 -1 NullEvent
53 -20 0 2.386526e+005 -10 -1 NullEvent
54 -20 0 2.426646e+005 -10 -1 NullEvent
55 1 2.245389e+003 2.466706e+005 0 40 FaceOneself1.0.JPG
56 1 1.940117e+003 2.506814e+005 0 53 Shoes1.0.JPG
57 3 2.286628e+003 2.546934e+005 1 71 Shoes1.1.jpg
58 -20 0 2.587125e+005 -10 -1 NullEvent
59 1 2.312097e+003 2.627186e+005 0 7 FaceFriend1.0.jpg
60 1 2.752821e+003 2.667297e+005 0 48 OwnHands1.0.JPG
61 1 2.140047e+003 2.707413e+005 0 11 FacePartner1.0.jpg
62 2 1.446932e+003 2.747533e+005 1 5 FaceFather1.5.jpg
63 1 1.846558e+003 2.787655e+005 0 28 Pet2.0.jpg
64 -20 0 2.827845e+005 -10 -1 NullEvent
65 1 2.698629e+003 2.867905e+005 0 33 Sibling1.0.jpg
66 1 2.832822e+003 2.908016e+005 0 65 LivingRoom1.0.JPG
67 1 2.446565e+003 2.948133e+005 0 8 FaceFriend2.0.jpg
68 1 2.486029e+003 2.988258e+005 0 22 LivingRoom2.0.jpg
69 1 1.619919e+003 3.028376e+005 0 43 FrontDoor1.0.JPG
70 1 2.326484e+003 3.068494e+005 0 25 OwnHands1.0.jpg
71 1 2.953081e+003 3.108612e+005 0 17 Keys1.0.jpg
72 1 1.912928e+003 3.148737e+005 0 57 FaceFather1.0.jpg
73 4 2.739607e+003 3.188855e+005 0 46 LivingRoom.JPG
74 1 1.939741e+003 3.228975e+005 0 45 Kitchen1.0.JPG
75 -20 0 3.269164e+005 -10 -1 NullEvent
76 1 2.525325e+003 3.309225e+005 0 19 Kitchen1.0.jpg
77 -20 0 3.349404e+005 -10 -1 NullEvent
78 1 2.631928e+003 3.389465e+005 0 49 PartnerFace.JPG
79 1 2.912603e+003 3.429576e+005 0 24 OwnDesk2.0.jpg
80 -20 0 3.469763e+005 -10 -1 NullEvent
81 1 3.138275e+003 3.509826e+005 0 32 Shoes2.0.jpg
82 -20 0 3.550003e+005 -10 -1 NullEvent
83 1 2.938305e+003 3.590066e+005 0 12 FacePartner2.0.jpg
84 1 2.392947e+003 3.630174e+005 0 63 Keys1.0.JPG
85 1 2.699697e+003 3.670293e+005 0 55 Bedroom1.0.JPG
86 -20 0 3.710483e+005 -10 -1 NullEvent
87 -20 0 3.750603e+005 -10 -1 NullEvent
88 1 2.631951e+003 3.790664e+005 0 52 RelativesBody1.0.JPG
89 4 2.446375e+003 3.830773e+005 0 3 Bike1.0.jpg
90 1 1.659836e+003 3.870894e+005 0 51 RelativeFace1.0.jpg
91 -20 0 3.911082e+005 -10 -1 NullEvent
92 1 1.738947e+003 3.951143e+005 0 59 FaceOneself1.0.JPG
93 1 3.219681e+003 3.991250e+005 0 35 WorkBuilding1.0.jpg
94 1 2.006482e+003 4.031373e+005 0 44 Keys1.0.jpg
95 2 1.819849e+003 4.071493e+005 1 23 OwnDesk1.5.jpg
96 1 2.806423e+003 4.111611e+005 0 34 Sibling2.0.jpg
