----This iRSA experiment results log for the subject SG --------------for the session number s01 --------- --------------for the run number 5 --------- ------The experiment took part on the 30-Sep-2010 11:02:06----- -------------------------------------------------- -------------------------------------------------- trialI  responseType_CrHMFa  rt  starttime  stimType  stimID1 -20 0 3.003477e+004 -10 -1 NullEvent
2 2 1.338806e+003 3.404110e+004 1 70 RelativeFace1.1.jpg
3 1 1.473231e+003 3.805194e+004 0 45 Kitchen1.0.JPG
4 1 1.620021e+003 4.206377e+004 0 49 PartnerFace.JPG
5 1 1.499825e+003 4.607599e+004 0 24 OwnDesk2.0.jpg
6 1 1.873444e+003 5.008754e+004 0 16 FrontDoor2.0.jpg
7 2 1.419786e+003 5.410003e+004 1 33 Sibling1.5.jpg
8 1 1.433337e+003 5.811184e+004 0 30 RelativeBody2.0.jpg
9 -20 0 6.213070e+004 -10 -1 NullEvent
10 1 1.432422e+003 6.613672e+004 0 14 FriendBody2.0.jpg
11 -20 0 7.015470e+004 -10 -1 NullEvent
12 -20 0 7.416670e+004 -10 -1 NullEvent
13 1 1.578971e+003 7.817276e+004 0 7 FaceFriend1.0.jpg
14 1 1.660038e+003 8.218364e+004 0 44 Keys1.0.jpg
15 1 1.566888e+003 8.619545e+004 0 29 RelativeBody1.0.jpg
16 1 1.606271e+003 9.020811e+004 0 20 Kitchen2.0.jpg
17 1 1.753318e+003 9.421967e+004 0 18 Keys2.0.jpg
18 1 1.513239e+003 9.823177e+004 0 43 FrontDoor1.0.JPG
19 1 1.420013e+003 1.022437e+005 0 1 Bedroom1.0.jpg
20 1 1.393614e+003 1.062555e+005 0 64 Kitchen1.0.JPG
21 2 1.926504e+003 1.102677e+005 1 62 FrontDoor1.1.jpg
22 -20 0 1.142866e+005 -10 -1 NullEvent
23 4 2.658622e+003 1.182926e+005 0 15 FrontDoor1.0.jpg
24 1 1.459983e+003 1.223037e+005 0 5 FaceFather1.0.jpg
25 1 1.553581e+003 1.263154e+005 0 36 WorkBuilding2.0.jpg
26 1 7.270333e+002 1.303276e+005 0 58 FaceFriend1.0.JPG
27 -20 0 1.343466e+005 -10 -1 NullEvent
28 2 1.445652e+003 1.383527e+005 1 31 Shoes1.5.jpg
29 1 1.420149e+003 1.423635e+005 0 53 Shoes1.0.JPG
30 1 1.380264e+003 1.463754e+005 0 55 Bedroom1.0.JPG
31 1 1.473597e+003 1.503874e+005 0 34 Sibling2.0.jpg
32 -20 0 1.544065e+005 -10 -1 NullEvent
33 2 3.258416e+003 1.584126e+005 1 46 LivingRoom1.1.jpg
34 1 1.326967e+003 1.624233e+005 0 27 Pet1.0.jpg
35 4 3.166364e+003 1.664353e+005 0 38 Bike1.0.JPG
36 -20 0 1.704546e+005 -10 -1 NullEvent
37 1 8.855676e+002 1.744609e+005 0 71 Shoes1.0.JPG
38 -20 0 1.784784e+005 -10 -1 NullEvent
39 1 1.205832e+003 1.824845e+005 0 10 FaceOneself1.0.jpg
40 2 3.126076e+003 1.864955e+005 1 13 FriendBody1.5.jpg
41 1 1.446595e+003 1.905076e+005 0 11 FacePartner1.0.jpg
42 1 1.673140e+003 1.945197e+005 0 22 LivingRoom2.0.jpg
43 -20 0 1.985385e+005 -10 -1 NullEvent
44 1 1.298778e+003 2.025448e+005 0 6 FaceFather2.0.jpg
45 -20 0 2.065624e+005 -10 -1 NullEvent
46 3 2.711964e+003 2.105684e+005 1 37 Bedroom1.1.jpg
47 -20 0 2.145864e+005 -10 -1 NullEvent
48 -20 0 2.185984e+005 -10 -1 NullEvent
49 -20 0 2.226104e+005 -10 -1 NullEvent
50 1 1.485673e+003 2.266165e+005 0 19 Kitchen1.0.jpg
51 1 1.966550e+003 2.306274e+005 0 65 LivingRoom1.0.JPG
52 1 1.793125e+003 2.346396e+005 0 52 RelativesBody1.0.JPG
53 1 1.539941e+003 2.386515e+005 0 9 FaceOneSelf2.0.jpg
54 1 1.859786e+003 2.426635e+005 0 17 Keys1.0.jpg
55 -20 0 2.466824e+005 -10 -1 NullEvent
56 1 1.778896e+003 2.506884e+005 0 25 OwnHands1.0.jpg
57 1 1.846675e+003 2.546993e+005 0 59 FaceOneself1.0.JPG
58 1 1.526482e+003 2.587115e+005 0 60 FacePartner1.0.JPG
59 1 1.433346e+003 2.627234e+005 0 51 RelativeFace1.0.jpg
60 1 1.579922e+003 2.667354e+005 0 66 OwnDesk1.0.jpg
61 1 1.806690e+003 2.707472e+005 0 63 Keys1.0.JPG
62 -20 0 2.747663e+005 -10 -1 NullEvent
63 1 1.565760e+003 2.787723e+005 0 61 FriendsBody1.0.jpg
64 1 1.420251e+003 2.827832e+005 0 57 FaceFather1.0.jpg
65 1 1.366745e+003 2.867953e+005 0 42 FriendsFace1.0.JPG
66 1 1.433577e+003 2.908071e+005 0 39 FaceFather.JPG
67 1 1.140281e+003 2.948191e+005 0 68 Pet1.0.JPG
68 -20 0 2.988382e+005 -10 -1 NullEvent
69 1 1.338787e+003 3.028446e+005 0 67 OwnHands1.0.JPG
70 1 1.766489e+003 3.068554e+005 0 3 Bike1.0.jpg
71 -20 0 3.108742e+005 -10 -1 NullEvent
72 1 1.459033e+003 3.148803e+005 0 56 Bike1.0.JPG
73 1 2.233321e+003 3.188910e+005 0 41 FriendsBody1.0.JPG
74 1 1.833210e+003 3.229033e+005 0 21 LivingRoom1.0.jpg
75 -20 0 3.269222e+005 -10 -1 NullEvent
76 1 1.565619e+003 3.309282e+005 0 72 WorkBuilding1.0.JPG
77 1 1.660235e+003 3.349390e+005 0 47 OwnDesk1.0.JPG
78 1 1.673037e+003 3.389515e+005 0 50 Pet1.0.JPG
79 1 1.513273e+003 3.429633e+005 0 54 WorkBuilding1.0.JPG
80 1 1.526549e+003 3.469753e+005 0 23 OwnDesk1.0.jpg
81 -20 0 3.509941e+005 -10 -1 NullEvent
82 1 1.778996e+003 3.550001e+005 0 4 Bike2.0.jpg
83 1 1.393332e+003 3.590112e+005 0 8 FaceFriend2.0.jpg
84 1 1.380000e+003 3.630232e+005 0 12 FacePartner2.0.jpg
85 1 1.886522e+003 3.670352e+005 0 69 RelativeBody1.0.JPG
86 2 1.473367e+003 3.710472e+005 1 28 Pet2.5.jpg
87 -20 0 3.750660e+005 -10 -1 NullEvent
88 -20 0 3.790781e+005 -10 -1 NullEvent
89 1 1.792202e+003 3.830842e+005 0 32 Shoes2.0.jpg
90 1 2.299689e+003 3.870952e+005 0 2 Bedroom2.0.jpg
91 -20 0 3.911141e+005 -10 -1 NullEvent
92 1 1.379012e+003 3.951201e+005 0 26 OwnHands2.0.jpg
93 1 2.166573e+003 3.991310e+005 0 40 FaceOneself1.0.JPG
94 1 1.753181e+003 4.031432e+005 0 48 OwnHands1.0.JPG
95 -20 0 4.071620e+005 -10 -1 NullEvent
96 1 2.005499e+003 4.111681e+005 0 35 WorkBuilding1.0.jpg
