----This iRSA experiment results log for the subject SG --------------for the session number s02 --------- --------------for the run number 9 --------- ------The experiment took part on the 14-Oct-2010 16:16:06----- -------------------------------------------------- -------------------------------------------------- trialI  responseType_CrHMFa  rt  starttime  stimType  stimID1 1 8.817987e+002 3.199978e+004 0 39 FaceFather.JPG
2 1 1.271832e+003 3.599979e+004 0 15 FrontDoor1.0.jpg
3 1 1.233530e+003 3.999968e+004 0 26 OwnHands2.0.jpg
4 1 1.360824e+003 4.399968e+004 0 24 OwnDesk2.0.jpg
5 1 1.467003e+003 4.799967e+004 0 48 OwnHands1.0.JPG
6 -20 0 5.199959e+004 -10 -1 NullEvent
7 1 1.464604e+003 5.599954e+004 0 19 Kitchen1.0.jpg
8 3 1.690002e+003 5.999951e+004 1 46 Kitchen2.1.jpg
9 -20 0 6.399951e+004 -10 -1 NullEvent
10 3 2.194619e+003 6.799942e+004 1 43 FriendsBody2.1.jpg
11 -20 0 7.199941e+004 -10 -1 NullEvent
12 1 1.360226e+003 7.599941e+004 0 12 FacePartner2.0.jpg
13 1 1.405396e+003 7.999932e+004 0 1 Bedroom1.0.jpg
14 1 1.725035e+003 8.399934e+004 0 37 Bedroom1.0.JPG
15 1 1.325087e+003 8.799925e+004 0 27 Pet1.0.jpg
16 -20 0 9.199924e+004 -10 -1 NullEvent
17 -20 0 9.599916e+004 -10 -1 NullEvent
18 1 1.597957e+003 9.999914e+004 0 20 Kitchen2.0.jpg
19 -20 0 1.039991e+005 -10 -1 NullEvent
20 2 1.525522e+003 1.079991e+005 1 7 FaceFriend2.1.jpg
21 1 1.391818e+003 1.119990e+005 0 53 Shoes1.0.JPG
22 -20 0 1.159990e+005 -10 -1 NullEvent
23 1 1.254760e+003 1.199990e+005 0 6 FaceFather2.0.jpg
24 1 2.068400e+003 1.239990e+005 0 41 FriendsBody1.0.JPG
25 1 1.381269e+003 1.279989e+005 0 34 Sibling2.0.jpg
26 -20 0 1.319988e+005 -10 -1 NullEvent
27 1 1.482819e+003 1.359988e+005 0 21 LivingRoom1.0.jpg
28 -20 0 1.399988e+005 -10 -1 NullEvent
29 1 1.320226e+003 1.439988e+005 0 63 Keys1.0.JPG
30 -20 0 1.479987e+005 -10 -1 NullEvent
31 1 1.519717e+003 1.519987e+005 0 40 FaceOneself1.0.JPG
32 1 1.650431e+003 1.559987e+005 0 45 Kitchen1.0.JPG
33 2 1.374831e+003 1.599986e+005 1 38 Bike2.1.jpg
34 1 1.543388e+003 1.639986e+005 0 44 Keys1.0.jpg
35 1 1.801009e+003 1.679986e+005 0 62 FrontDoor.JPG
36 1 1.742055e+003 1.719985e+005 0 67 OwnHands1.0.JPG
37 1 1.376784e+003 1.759985e+005 0 5 FaceFather1.0.jpg
38 1 1.582150e+003 1.799984e+005 0 72 WorkBuilding1.0.JPG
39 1 1.364530e+003 1.839984e+005 0 70 RelativeFace1.0.JPG
40 1 1.417391e+003 1.879983e+005 0 22 LivingRoom2.0.jpg
41 1 1.483534e+003 1.919983e+005 0 28 Pet2.0.jpg
42 2 1.431371e+003 1.959982e+005 1 16 FrontDoor2.2.jpg
43 1 1.393569e+003 1.999983e+005 0 68 Pet1.0.JPG
44 1 1.244024e+003 2.039982e+005 0 71 Shoes1.0.JPG
45 -20 0 2.079982e+005 -10 -1 NullEvent
46 1 1.390554e+003 2.119981e+005 0 2 Bedroom2.0.jpg
47 1 1.515430e+003 2.159981e+005 0 33 Sibling1.0.jpg
48 1 1.797577e+003 2.199981e+005 0 17 Keys1.0.jpg
49 1 1.405116e+003 2.239980e+005 0 10 FaceOneself1.0.jpg
50 1 1.813841e+003 2.279980e+005 0 9 FaceOneSelf2.0.jpg
51 2 1.311030e+003 2.319979e+005 1 11 FacePartner2.1.jpg
52 1 1.227098e+003 2.359979e+005 0 3 Bike1.0.jpg
53 -20 0 2.399979e+005 -10 -1 NullEvent
54 1 1.126607e+003 2.439979e+005 0 36 WorkBuilding2.0.jpg
55 1 1.257447e+003 2.479978e+005 0 31 Shoes1.0.jpg
56 1 1.376785e+003 2.519977e+005 0 64 Kitchen1.0.JPG
57 -20 0 2.559977e+005 -10 -1 NullEvent
58 -20 0 2.599977e+005 -10 -1 NullEvent
59 1 1.978211e+003 2.639976e+005 0 51 RelativeFace1.0.jpg
60 1 1.651387e+003 2.679976e+005 0 4 Bike2.0.jpg
61 -20 0 2.719976e+005 -10 -1 NullEvent
62 1 1.327455e+003 2.759975e+005 0 60 FacePartner1.0.JPG
63 1 1.318770e+003 2.799975e+005 0 59 FaceOneself1.0.JPG
64 1 1.372766e+003 2.839974e+005 0 8 FaceFriend2.0.jpg
65 1 1.586470e+003 2.879975e+005 0 18 Keys2.0.jpg
66 1 1.539308e+003 2.919973e+005 0 61 FriendsBody1.0.jpg
67 -20 0 2.959973e+005 -10 -1 NullEvent
68 1 1.163670e+003 2.999973e+005 0 58 FaceFriend1.0.JPG
69 1 1.425148e+003 3.039973e+005 0 42 FriendsFace1.0.JPG
70 1 2.005001e+003 3.079972e+005 0 49 PartnerFace.JPG
71 1 1.812728e+003 3.119972e+005 0 56 Bike1.0.JPG
72 1 1.298289e+003 3.159972e+005 0 13 FriendBody1.0.jpg
73 -20 0 3.199971e+005 -10 -1 NullEvent
74 -20 0 3.239971e+005 -10 -1 NullEvent
75 1 1.427169e+003 3.279970e+005 0 25 OwnHands1.0.jpg
76 -20 0 3.319970e+005 -10 -1 NullEvent
77 -20 0 3.359970e+005 -10 -1 NullEvent
78 2 1.324970e+003 3.399969e+005 1 30 RelativeBody2.2.jpg
79 1 1.506807e+003 3.439969e+005 0 29 RelativeBody1.0.jpg
80 -20 0 3.479969e+005 -10 -1 NullEvent
81 1 1.278357e+003 3.519968e+005 0 32 Shoes2.0.jpg
82 2 1.333915e+003 3.559967e+005 1 66 LivingRoom2.1.jpg
83 1 1.557886e+003 3.599967e+005 0 52 RelativesBody1.0.JPG
84 1 1.423091e+003 3.639967e+005 0 55 Bedroom1.0.JPG
85 1 1.342321e+003 3.679967e+005 0 35 WorkBuilding1.0.jpg
86 1 1.583037e+003 3.719966e+005 0 69 RelativeBody1.0.JPG
87 1 1.559976e+003 3.759966e+005 0 57 FaceFather1.0.jpg
88 1 1.374921e+003 3.799965e+005 0 47 OwnDesk1.0.JPG
89 -20 0 3.839965e+005 -10 -1 NullEvent
90 -20 0 3.879965e+005 -10 -1 NullEvent
91 -20 0 3.919964e+005 -10 -1 NullEvent
92 1 1.746562e+003 3.959965e+005 0 14 FriendBody2.0.jpg
93 1 1.642305e+003 3.999964e+005 0 65 LivingRoom1.0.JPG
94 1 1.687670e+003 4.039963e+005 0 23 OwnDesk1.0.jpg
95 1 1.547455e+003 4.079963e+005 0 54 WorkBuilding1.0.JPG
96 1 1.427509e+003 4.119962e+005 0 50 Pet1.0.JPG
