----This iRSA experiment results log for the subject SG --------------for the session number s02 --------- --------------for the run number 1 --------- ------The experiment took part on the 14-Oct-2010 15:10:31----- -------------------------------------------------- -------------------------------------------------- trialI  responseType_CrHMFa  rt  starttime  stimType  stimID1 3 2.446339e+003 3.199946e+004 1 22 LivingRoom2.2.jpg
2 1 1.537745e+003 3.599851e+004 0 40 FaceOneself1.0.JPG
3 -20 0 3.999859e+004 -10 -1 NullEvent
4 1 1.579167e+003 4.399840e+004 0 42 FriendsFace1.0.JPG
5 1 1.681348e+003 4.799843e+004 0 16 FrontDoor2.0.jpg
6 1 1.508417e+003 5.199838e+004 0 66 OwnDesk1.0.jpg
7 1 1.527405e+003 5.599830e+004 0 69 RelativeBody1.0.JPG
8 1 1.602436e+003 5.999829e+004 0 48 OwnHands1.0.JPG
9 1 1.872073e+003 6.399826e+004 0 67 OwnHands1.0.JPG
10 1 1.599124e+003 6.799819e+004 0 17 Keys1.0.jpg
11 -20 0 7.199821e+004 -10 -1 NullEvent
12 1 1.317351e+003 7.599816e+004 0 65 LivingRoom1.0.JPG
13 1 1.777783e+003 7.999810e+004 0 64 Kitchen1.0.JPG
14 1 2.171992e+003 8.399806e+004 0 38 Bike1.0.JPG
15 3 2.273387e+003 8.799808e+004 1 14 FriendBody2.2.jpg
16 1 1.680526e+003 9.199801e+004 0 56 Bike1.0.JPG
17 1 1.159612e+003 9.599794e+004 0 57 FaceFather1.0.jpg
18 4 2.008990e+003 9.999795e+004 0 1 Bedroom1.0.jpg
19 1 1.811864e+003 1.039979e+005 0 46 LivingRoom.JPG
20 1 1.494775e+003 1.079979e+005 0 31 Shoes1.0.jpg
21 1 1.543846e+003 1.119979e+005 0 51 RelativeFace1.0.jpg
22 1 1.689454e+003 1.159978e+005 0 39 FaceFather.JPG
23 1 1.681881e+003 1.199977e+005 0 55 Bedroom1.0.JPG
24 1 1.510649e+003 1.239977e+005 0 43 FrontDoor1.0.JPG
25 1 1.154512e+003 1.279977e+005 0 19 Kitchen1.0.jpg
26 2 1.743426e+003 1.319976e+005 1 54 WorkBuilding2.1.jpg
27 1 1.676496e+003 1.359977e+005 0 23 OwnDesk1.0.jpg
28 1 1.657775e+003 1.399976e+005 0 7 FaceFriend1.0.jpg
29 -20 0 1.439975e+005 -10 -1 NullEvent
30 -20 0 1.479975e+005 -10 -1 NullEvent
31 3 2.433878e+003 1.519975e+005 1 5 FaceFather2.1.jpg
32 -20 0 1.559974e+005 -10 -1 NullEvent
33 2 1.507091e+003 1.599975e+005 1 41 FaceOneself2.1.jpg
34 1 1.540263e+003 1.639974e+005 0 15 FrontDoor1.0.jpg
35 1 1.983596e+003 1.679974e+005 0 49 PartnerFace.JPG
36 -20 0 1.719972e+005 -10 -1 NullEvent
37 1 1.506551e+003 1.759973e+005 0 18 Keys2.0.jpg
38 -20 0 1.799972e+005 -10 -1 NullEvent
39 1 2.535160e+003 1.839972e+005 0 25 OwnHands1.0.jpg
40 1 1.670101e+003 1.879972e+005 0 60 FacePartner1.0.JPG
41 1 1.951252e+003 1.919971e+005 0 8 FaceFriend2.0.jpg
42 1 1.502975e+003 1.959971e+005 0 30 RelativeBody2.0.jpg
43 -20 0 1.999970e+005 -10 -1 NullEvent
44 1 1.575613e+003 2.039970e+005 0 20 Kitchen2.0.jpg
45 1 1.764927e+003 2.079970e+005 0 4 Bike2.0.jpg
46 1 1.625435e+003 2.119969e+005 0 53 Shoes1.0.JPG
47 1 1.679370e+003 2.159969e+005 0 37 Bedroom1.0.JPG
48 2 1.423823e+003 2.199969e+005 1 63 Hands2.1.jpg
49 -20 0 2.239968e+005 -10 -1 NullEvent
50 1 1.566665e+003 2.279968e+005 0 12 FacePartner2.0.jpg
51 1 1.624317e+003 2.319967e+005 0 58 FaceFriend1.0.JPG
52 -20 0 2.359967e+005 -10 -1 NullEvent
53 1 1.896439e+003 2.399967e+005 0 52 RelativesBody1.0.JPG
54 1 2.164911e+003 2.439966e+005 0 34 Sibling2.0.jpg
55 1 1.484684e+003 2.479966e+005 0 13 FriendBody1.0.jpg
56 1 1.506334e+003 2.519966e+005 0 29 RelativeBody1.0.jpg
57 1 1.821868e+003 2.559965e+005 0 50 Pet1.0.JPG
58 1 1.452212e+003 2.599965e+005 0 6 FaceFather2.0.jpg
59 2 2.351109e+003 2.639965e+005 1 32 Shoes2.2.jpg
60 -20 0 2.679964e+005 -10 -1 NullEvent
61 1 1.359831e+003 2.719964e+005 0 71 Shoes1.0.JPG
62 -20 0 2.759963e+005 -10 -1 NullEvent
63 1 1.249093e+003 2.799963e+005 0 59 FaceOneself1.0.JPG
64 1 1.474685e+003 2.839963e+005 0 61 FriendsBody1.0.jpg
65 1 1.492130e+003 2.879963e+005 0 33 Sibling1.0.jpg
66 1 1.495524e+003 2.919963e+005 0 2 Bedroom2.0.jpg
67 2 1.747225e+003 2.959962e+005 1 24 OwnDesk2.2.jpg
68 -20 0 2.999962e+005 -10 -1 NullEvent
69 1 1.639951e+003 3.039961e+005 0 36 WorkBuilding2.0.jpg
70 1 1.786095e+003 3.079961e+005 0 21 LivingRoom1.0.jpg
71 1 1.681832e+003 3.119960e+005 0 45 Kitchen1.0.JPG
72 -20 0 3.159959e+005 -10 -1 NullEvent
73 1 1.426577e+003 3.199960e+005 0 3 Bike1.0.jpg
74 -20 0 3.239959e+005 -10 -1 NullEvent
75 -20 0 3.279959e+005 -10 -1 NullEvent
76 1 1.690237e+003 3.319959e+005 0 68 Pet1.0.JPG
77 1 1.283740e+003 3.359959e+005 0 70 RelativeFace1.0.JPG
78 -20 0 3.399958e+005 -10 -1 NullEvent
79 1 9.946207e+002 3.439958e+005 0 28 Pet2.0.jpg
80 1 1.847823e+003 3.479957e+005 0 26 OwnHands2.0.jpg
81 1 1.602596e+003 3.519957e+005 0 11 FacePartner1.0.jpg
82 1 1.715013e+003 3.559956e+005 0 44 Keys1.0.jpg
83 1 1.455063e+003 3.599956e+005 0 10 FaceOneself1.0.jpg
84 -20 0 3.639956e+005 -10 -1 NullEvent
85 -20 0 3.679955e+005 -10 -1 NullEvent
86 1 2.184922e+003 3.719955e+005 0 47 OwnDesk1.0.JPG
87 -20 0 3.759955e+005 -10 -1 NullEvent
88 1 2.007757e+003 3.799955e+005 0 72 WorkBuilding1.0.JPG
89 1 1.582891e+003 3.839954e+005 0 27 Pet1.0.jpg
90 -20 0 3.879953e+005 -10 -1 NullEvent
91 -20 0 3.919953e+005 -10 -1 NullEvent
92 -20 0 3.959953e+005 -10 -1 NullEvent
93 1 2.140417e+003 3.999952e+005 0 35 WorkBuilding1.0.jpg
94 1 1.752646e+003 4.039952e+005 0 9 FaceOneSelf2.0.jpg
95 -20 0 4.079952e+005 -10 -1 NullEvent
96 1 1.626660e+003 4.119951e+005 0 62 FrontDoor.JPG
