----This iRSA experiment results log for the subject SG --------------for the session number s02 --------- --------------for the run number 4 --------- ------The experiment took part on the 14-Oct-2010 15:34:41----- -------------------------------------------------- -------------------------------------------------- trialI  responseType_CrHMFa  rt  starttime  stimType  stimID1 1 1.546638e+003 3.199889e+004 0 33 Sibling1.0.jpg
2 1 1.475413e+003 3.599891e+004 0 67 OwnHands1.0.JPG
3 1 1.612821e+003 3.999884e+004 0 72 WorkBuilding1.0.JPG
4 1 2.216012e+003 4.399885e+004 0 47 OwnDesk1.0.JPG
5 1 1.647157e+003 4.799879e+004 0 26 OwnHands2.0.jpg
6 -20 0 5.199871e+004 -10 -1 NullEvent
7 -20 0 5.599870e+004 -10 -1 NullEvent
8 -20 0 5.999864e+004 -10 -1 NullEvent
9 1 1.518432e+003 6.399863e+004 0 28 Pet2.0.jpg
10 1 2.216746e+003 6.799861e+004 0 25 OwnHands1.0.jpg
11 1 1.629269e+003 7.199851e+004 0 56 Bike1.0.JPG
12 1 2.813657e+003 7.599855e+004 0 49 PartnerFace.JPG
13 1 1.406932e+003 7.999845e+004 0 57 FaceFather1.0.jpg
14 -20 0 8.399847e+004 -10 -1 NullEvent
15 -20 0 8.799842e+004 -10 -1 NullEvent
16 1 1.960257e+003 9.199837e+004 0 63 Keys1.0.JPG
17 1 1.699086e+003 9.599829e+004 0 22 LivingRoom2.0.jpg
18 1 1.417404e+003 9.999828e+004 0 11 FacePartner1.0.jpg
19 -20 0 1.039982e+005 -10 -1 NullEvent
20 1 1.553143e+003 1.079982e+005 0 32 Shoes2.0.jpg
21 -20 0 1.119982e+005 -10 -1 NullEvent
22 1 1.680715e+003 1.159981e+005 0 61 FriendsBody1.0.jpg
23 -20 0 1.199981e+005 -10 -1 NullEvent
24 1 2.534026e+003 1.239980e+005 0 12 FacePartner2.0.jpg
25 1 1.565161e+003 1.279980e+005 0 39 FaceFather.JPG
26 1 8.981787e+002 1.319980e+005 0 58 FaceFriend1.0.JPG
27 -20 0 1.359980e+005 -10 -1 NullEvent
28 2 1.330719e+003 1.399980e+005 1 71 Shoes2.1.jpg
29 4 2.845896e+003 1.439978e+005 0 55 Bedroom1.0.JPG
30 1 1.338141e+003 1.479979e+005 0 7 FaceFriend1.0.jpg
31 1 1.555765e+003 1.519978e+005 0 37 Bedroom1.0.JPG
32 1 1.561630e+003 1.559978e+005 0 30 RelativeBody2.0.jpg
33 1 1.442688e+003 1.599977e+005 0 40 FaceOneself1.0.JPG
34 -20 0 1.639977e+005 -10 -1 NullEvent
35 3 2.294230e+003 1.679976e+005 1 18 Keys2.2.jpg
36 1 2.386012e+003 1.719976e+005 0 23 OwnDesk1.0.jpg
37 1 1.604690e+003 1.759976e+005 0 52 RelativesBody1.0.JPG
38 1 1.424674e+003 1.799975e+005 0 43 FrontDoor1.0.JPG
39 -20 0 1.839975e+005 -10 -1 NullEvent
40 1 1.602319e+003 1.879974e+005 0 51 RelativeFace1.0.jpg
41 1 1.480226e+003 1.919974e+005 0 68 Pet1.0.JPG
42 1 1.621614e+003 1.959974e+005 0 36 WorkBuilding2.0.jpg
43 -20 0 1.999974e+005 -10 -1 NullEvent
44 1 9.791014e+002 2.039973e+005 0 31 Shoes1.0.jpg
45 1 1.642746e+003 2.079972e+005 0 4 Bike2.0.jpg
46 -20 0 2.119973e+005 -10 -1 NullEvent
47 1 2.239451e+003 2.159972e+005 0 21 LivingRoom1.0.jpg
48 -20 0 2.199972e+005 -10 -1 NullEvent
49 2 1.353870e+003 2.239971e+005 1 60 FacePartner2.1.jpg
50 1 1.484097e+003 2.279971e+005 0 2 Bedroom2.0.jpg
51 1 1.410697e+003 2.319971e+005 0 10 FaceOneself1.0.jpg
52 1 2.106453e+003 2.359970e+005 0 53 Shoes1.0.JPG
53 2 1.381970e+003 2.399970e+005 1 8 FaceFriend2.2.jpg
54 1 1.443591e+003 2.439969e+005 0 20 Kitchen2.0.jpg
55 -20 0 2.479969e+005 -10 -1 NullEvent
56 1 3.294023e+003 2.519969e+005 0 38 Bike1.0.JPG
57 1 1.542905e+003 2.559968e+005 0 42 FriendsFace1.0.JPG
58 1 1.390859e+003 2.599968e+005 0 5 FaceFather1.0.jpg
59 -20 0 2.639968e+005 -10 -1 NullEvent
60 1 1.290506e+003 2.679967e+005 0 70 RelativeFace1.0.JPG
61 1 2.286419e+003 2.719966e+005 0 24 OwnDesk2.0.jpg
62 1 1.666608e+003 2.759966e+005 0 65 LivingRoom1.0.JPG
63 1 1.543160e+003 2.799966e+005 0 17 Keys1.0.jpg
64 -20 0 2.839966e+005 -10 -1 NullEvent
65 -20 0 2.879965e+005 -10 -1 NullEvent
66 2 1.329571e+003 2.919965e+005 1 35 WorkBuilding2.1.jpg
67 1 1.011287e+003 2.959965e+005 0 6 FaceFather2.0.jpg
68 1 1.298349e+003 2.999964e+005 0 34 Sibling2.0.jpg
69 1 1.537316e+003 3.039964e+005 0 27 Pet1.0.jpg
70 -20 0 3.079963e+005 -10 -1 NullEvent
71 1 1.802141e+003 3.119963e+005 0 1 Bedroom1.0.jpg
72 1 1.679626e+003 3.159962e+005 0 29 RelativeBody1.0.jpg
73 -20 0 3.199962e+005 -10 -1 NullEvent
74 1 1.766159e+003 3.239962e+005 0 44 Keys1.0.jpg
75 1 1.515744e+003 3.279962e+005 0 3 Bike1.0.jpg
76 1 1.441728e+003 3.319961e+005 0 14 FriendBody2.0.jpg
77 1 2.255951e+003 3.359961e+005 0 48 OwnHands1.0.JPG
78 1 1.527632e+003 3.399960e+005 0 66 OwnDesk1.0.jpg
79 1 1.651707e+003 3.439960e+005 0 69 RelativeBody1.0.JPG
80 1 1.852959e+003 3.479960e+005 0 9 FaceOneSelf2.0.jpg
81 1 1.832211e+003 3.519959e+005 0 16 FrontDoor2.0.jpg
82 1 2.041186e+003 3.559959e+005 0 54 WorkBuilding1.0.JPG
83 -20 0 3.599958e+005 -10 -1 NullEvent
84 -20 0 3.639958e+005 -10 -1 NullEvent
85 1 2.083416e+003 3.679958e+005 0 59 FaceOneself1.0.JPG
86 1 2.449561e+003 3.719958e+005 0 15 FrontDoor1.0.jpg
87 1 1.979295e+003 3.759957e+005 0 19 Kitchen1.0.jpg
88 2 1.453860e+003 3.799956e+005 1 62 FrontDoor2.1.jpg
89 -20 0 3.839957e+005 -10 -1 NullEvent
90 1 1.553904e+003 3.879956e+005 0 64 Kitchen1.0.JPG
91 1 1.608099e+003 3.919955e+005 0 50 Pet1.0.JPG
92 1 1.890562e+003 3.959955e+005 0 46 LivingRoom.JPG
93 2 1.406024e+003 3.999955e+005 1 13 FriendBody2.1.jpg
94 2 1.413204e+003 4.039954e+005 1 45 Keys2.1.jpg
95 -20 0 4.079954e+005 -10 -1 NullEvent
96 1 1.347511e+003 4.119953e+005 0 41 FriendsBody1.0.JPG
