----This iRSA experiment results log for the subject SG --------------for the session number s02 --------- --------------for the run number 6 --------- ------The experiment took part on the 14-Oct-2010 15:52:08----- -------------------------------------------------- -------------------------------------------------- trialI  responseType_CrHMFa  rt  starttime  stimType  stimID1 -20 0 3.199953e+004 -10 -1 NullEvent
2 1 1.536020e+003 3.599952e+004 0 37 Bedroom1.0.JPG
3 1 1.295958e+003 3.999946e+004 0 44 Keys1.0.jpg
4 -20 0 4.399940e+004 -10 -1 NullEvent
5 1 1.017158e+003 4.799939e+004 0 7 FaceFriend1.0.jpg
6 -20 0 5.199941e+004 -10 -1 NullEvent
7 2 1.387169e+003 5.599932e+004 1 6 FaceFather2.2.jpg
8 1 1.070542e+003 5.999930e+004 0 31 Shoes1.0.jpg
9 2 1.163395e+003 6.399922e+004 1 1 Bedroom2.1.jpg
10 1 1.443828e+003 6.799921e+004 0 26 OwnHands2.0.jpg
11 -20 0 7.199917e+004 -10 -1 NullEvent
12 1 1.379678e+003 7.599915e+004 0 68 Pet1.0.JPG
13 1 2.017280e+003 7.999909e+004 0 53 Shoes1.0.JPG
14 1 1.399755e+003 8.399903e+004 0 5 FaceFather1.0.jpg
15 -20 0 8.799907e+004 -10 -1 NullEvent
16 1 2.140334e+003 9.199901e+004 0 15 FrontDoor1.0.jpg
17 2 1.482843e+003 9.599893e+004 1 72 WorkBuilding2.1.jpg
18 1 1.340958e+003 9.999895e+004 0 48 OwnHands1.0.JPG
19 1 1.493756e+003 1.039989e+005 0 32 Shoes2.0.jpg
20 1 1.351827e+003 1.079989e+005 0 27 Pet1.0.jpg
21 1 7.865478e+002 1.119988e+005 0 17 Keys1.0.jpg
22 1 1.544245e+003 1.159988e+005 0 69 RelativeBody1.0.JPG
23 -20 0 1.199987e+005 -10 -1 NullEvent
24 -20 0 1.239987e+005 -10 -1 NullEvent
25 1 1.421278e+003 1.279987e+005 0 61 FriendsBody1.0.jpg
26 1 1.578934e+003 1.319986e+005 0 54 WorkBuilding1.0.JPG
27 1 1.217049e+003 1.359986e+005 0 62 FrontDoor.JPG
28 1 2.441489e+003 1.399986e+005 0 28 Pet2.0.jpg
29 1 1.283721e+003 1.439985e+005 0 58 FaceFriend1.0.JPG
30 1 1.486084e+003 1.479985e+005 0 45 Kitchen1.0.JPG
31 -20 0 1.519985e+005 -10 -1 NullEvent
32 2 2.060638e+003 1.559985e+005 1 42 FacePartner2.1.jpg
33 2 1.529787e+003 1.599984e+005 1 20 Kitchen2.2.jpg
34 1 1.512323e+003 1.639984e+005 0 29 RelativeBody1.0.jpg
35 1 1.372314e+003 1.679984e+005 0 18 Keys2.0.jpg
36 1 1.493840e+003 1.719983e+005 0 38 Bike1.0.JPG
37 1 1.361493e+003 1.759983e+005 0 35 WorkBuilding1.0.jpg
38 1 1.503316e+003 1.799982e+005 0 55 Bedroom1.0.JPG
39 1 1.445889e+003 1.839982e+005 0 41 FriendsBody1.0.JPG
40 -20 0 1.879981e+005 -10 -1 NullEvent
41 1 1.479485e+003 1.919981e+005 0 22 LivingRoom2.0.jpg
42 -20 0 1.959981e+005 -10 -1 NullEvent
43 -20 0 1.999980e+005 -10 -1 NullEvent
44 1 1.628667e+003 2.039980e+005 0 16 FrontDoor2.0.jpg
45 1 1.294101e+003 2.079980e+005 0 34 Sibling2.0.jpg
46 -20 0 2.119979e+005 -10 -1 NullEvent
47 1 1.342570e+003 2.159979e+005 0 14 FriendBody2.0.jpg
48 1 2.121334e+003 2.199978e+005 0 70 RelativeFace1.0.JPG
49 1 1.432637e+003 2.239978e+005 0 30 RelativeBody2.0.jpg
50 1 7.196891e+002 2.279978e+005 0 71 Shoes1.0.JPG
51 -20 0 2.319977e+005 -10 -1 NullEvent
52 -20 0 2.359977e+005 -10 -1 NullEvent
53 1 1.445576e+003 2.399977e+005 0 67 OwnHands1.0.JPG
54 1 1.958335e+003 2.439976e+005 0 46 LivingRoom.JPG
55 -20 0 2.479976e+005 -10 -1 NullEvent
56 2 1.431886e+003 2.519976e+005 1 50 Pet2.1.jpg
57 -20 0 2.559975e+005 -10 -1 NullEvent
58 -20 0 2.599974e+005 -10 -1 NullEvent
59 1 1.339568e+003 2.639974e+005 0 65 LivingRoom1.0.JPG
60 1 1.436008e+003 2.679974e+005 0 40 FaceOneself1.0.JPG
61 1 1.482292e+003 2.719974e+005 0 2 Bedroom2.0.jpg
62 1 1.577838e+003 2.759974e+005 0 12 FacePartner2.0.jpg
63 1 1.568905e+003 2.799973e+005 0 66 OwnDesk1.0.jpg
64 1 1.499909e+003 2.839973e+005 0 10 FaceOneself1.0.jpg
65 1 1.818759e+003 2.879972e+005 0 49 PartnerFace.JPG
66 -20 0 2.919971e+005 -10 -1 NullEvent
67 1 1.799686e+003 2.959971e+005 0 21 LivingRoom1.0.jpg
68 1 1.502090e+003 2.999971e+005 0 33 Sibling1.0.jpg
69 2 1.206683e+003 3.039971e+005 1 39 FaceFather2.1.jpg
70 1 8.423829e+002 3.079970e+005 0 3 Bike1.0.jpg
71 -20 0 3.119970e+005 -10 -1 NullEvent
72 -20 0 3.159970e+005 -10 -1 NullEvent
73 1 1.483776e+003 3.199969e+005 0 52 RelativesBody1.0.JPG
74 1 1.379136e+003 3.239968e+005 0 57 FaceFather1.0.jpg
75 1 1.480881e+003 3.279969e+005 0 4 Bike2.0.jpg
76 1 1.625038e+003 3.319968e+005 0 25 OwnHands1.0.jpg
77 1 1.521488e+003 3.359968e+005 0 64 Kitchen1.0.JPG
78 1 1.351108e+003 3.399967e+005 0 43 FrontDoor1.0.JPG
79 -20 0 3.439967e+005 -10 -1 NullEvent
80 1 2.187574e+003 3.479966e+005 0 36 WorkBuilding2.0.jpg
81 1 1.902534e+003 3.519966e+005 0 47 OwnDesk1.0.JPG
82 2 1.312811e+003 3.559965e+005 1 23 OwnDesk2.1.jpg
83 1 1.343668e+003 3.599965e+005 0 19 Kitchen1.0.jpg
84 1 1.356729e+003 3.639965e+005 0 51 RelativeFace1.0.jpg
85 1 1.488643e+003 3.679965e+005 0 9 FaceOneSelf2.0.jpg
86 1 1.444068e+003 3.719965e+005 0 60 FacePartner1.0.JPG
87 1 1.130137e+003 3.759964e+005 0 63 Keys1.0.JPG
88 1 2.085764e+003 3.799963e+005 0 24 OwnDesk2.0.jpg
89 -20 0 3.839963e+005 -10 -1 NullEvent
90 1 1.505936e+003 3.879963e+005 0 56 Bike1.0.JPG
91 1 1.400814e+003 3.919962e+005 0 11 FacePartner1.0.jpg
92 -20 0 3.959962e+005 -10 -1 NullEvent
93 1 1.563060e+003 3.999961e+005 0 8 FaceFriend2.0.jpg
94 -20 0 4.039962e+005 -10 -1 NullEvent
95 1 1.413562e+003 4.079961e+005 0 59 FaceOneself1.0.JPG
96 1 1.440946e+003 4.119961e+005 0 13 FriendBody1.0.jpg
