----This iRSA experiment results log for the subject SG --------------for the session number s02 --------- --------------for the run number 3 --------- ------The experiment took part on the 14-Oct-2010 15:26:38----- -------------------------------------------------- -------------------------------------------------- trialI  responseType_CrHMFa  rt  starttime  stimType  stimID1 1 1.868300e+003 3.199843e+004 0 48 OwnHands1.0.JPG
2 -20 0 3.599852e+004 -10 -1 NullEvent
3 1 1.373257e+003 3.999832e+004 0 51 RelativeFace1.0.jpg
4 -20 0 4.399831e+004 -10 -1 NullEvent
5 -20 0 4.799832e+004 -10 -1 NullEvent
6 -20 0 5.199824e+004 -10 -1 NullEvent
7 1 1.671542e+003 5.599826e+004 0 32 Shoes2.0.jpg
8 3 1.747080e+003 5.999819e+004 1 56 Bike2.1.jpg
9 -20 0 6.399811e+004 -10 -1 NullEvent
10 1 1.527835e+003 6.799816e+004 0 35 WorkBuilding1.0.jpg
11 -20 0 7.199810e+004 -10 -1 NullEvent
12 1 2.433400e+003 7.599803e+004 0 49 PartnerFace.JPG
13 -20 0 7.999803e+004 -10 -1 NullEvent
14 1 1.793246e+003 8.399795e+004 0 45 Kitchen1.0.JPG
15 1 2.507633e+003 8.799792e+004 0 29 RelativeBody1.0.jpg
16 1 1.494847e+003 9.199790e+004 0 44 Keys1.0.jpg
17 1 1.390011e+003 9.599790e+004 0 71 Shoes1.0.JPG
18 1 1.056657e+003 9.999776e+004 0 68 Pet1.0.JPG
19 1 2.140378e+003 1.039978e+005 0 19 Kitchen1.0.jpg
20 -20 0 1.079977e+005 -10 -1 NullEvent
21 1 1.545382e+003 1.119977e+005 0 59 FaceOneself1.0.JPG
22 1 1.786323e+003 1.159977e+005 0 64 Kitchen1.0.JPG
23 -20 0 1.199977e+005 -10 -1 NullEvent
24 1 1.739109e+003 1.239976e+005 0 25 OwnHands1.0.jpg
25 -20 0 1.279975e+005 -10 -1 NullEvent
26 1 1.434150e+003 1.319975e+005 0 14 FriendBody2.0.jpg
27 2 1.902180e+003 1.359975e+005 1 15 FrontDoor2.1.jpg
28 1 1.357751e+003 1.399974e+005 0 60 FacePartner1.0.JPG
29 3 1.333765e+003 1.439974e+005 1 26 OwnHands2.2.jpg
30 1 1.589549e+003 1.479974e+005 0 21 LivingRoom1.0.jpg
31 1 1.725838e+003 1.519973e+005 0 47 OwnDesk1.0.JPG
32 1 1.718449e+003 1.559973e+005 0 53 Shoes1.0.JPG
33 1 1.715028e+003 1.599972e+005 0 36 WorkBuilding2.0.jpg
34 1 2.171351e+003 1.639972e+005 0 55 Bedroom1.0.JPG
35 -20 0 1.679972e+005 -10 -1 NullEvent
36 1 1.616379e+003 1.719971e+005 0 72 WorkBuilding1.0.JPG
37 1 1.887526e+003 1.759971e+005 0 46 LivingRoom.JPG
38 -20 0 1.799971e+005 -10 -1 NullEvent
39 2 1.309863e+003 1.839971e+005 1 4 Bike2.2.jpg
40 1 1.317552e+003 1.879970e+005 0 57 FaceFather1.0.jpg
41 -20 0 1.919970e+005 -10 -1 NullEvent
42 1 1.450291e+003 1.959970e+005 0 22 LivingRoom2.0.jpg
43 1 1.330803e+003 1.999968e+005 0 62 FrontDoor.JPG
44 1 1.720928e+003 2.039968e+005 0 1 Bedroom1.0.jpg
45 1 2.025363e+003 2.079968e+005 0 28 Pet2.0.jpg
46 1 1.536533e+003 2.119968e+005 0 7 FaceFriend1.0.jpg
47 -20 0 2.159967e+005 -10 -1 NullEvent
48 1 2.062346e+003 2.199967e+005 0 39 FaceFather.JPG
49 1 1.443991e+003 2.239966e+005 0 20 Kitchen2.0.jpg
50 1 1.280432e+003 2.279966e+005 0 66 OwnDesk1.0.jpg
51 1 1.427990e+003 2.319966e+005 0 10 FaceOneself1.0.jpg
52 1 8.755877e+002 2.359966e+005 0 63 Keys1.0.JPG
53 1 2.422168e+003 2.399965e+005 0 18 Keys2.0.jpg
54 1 1.658015e+003 2.439964e+005 0 38 Bike1.0.JPG
55 3 3.113393e+003 2.479965e+005 1 2 Bedroom2.2.jpg
56 1 2.291130e+003 2.519964e+005 0 27 Pet1.0.jpg
57 1 1.402090e+003 2.559964e+005 0 6 FaceFather2.0.jpg
58 2 1.687981e+003 2.599963e+005 1 65 Kitchen2.1.jpg
59 -20 0 2.639963e+005 -10 -1 NullEvent
60 1 2.317129e+003 2.679962e+005 0 24 OwnDesk2.0.jpg
61 1 1.387041e+003 2.719962e+005 0 3 Bike1.0.jpg
62 1 1.481198e+003 2.759962e+005 0 70 RelativeFace1.0.JPG
63 2 1.456019e+003 2.799961e+005 1 34 Sibling2.2.jpg
64 -20 0 2.839961e+005 -10 -1 NullEvent
65 -20 0 2.879961e+005 -10 -1 NullEvent
66 1 1.608546e+003 2.919960e+005 0 40 FaceOneself1.0.JPG
67 -20 0 2.959960e+005 -10 -1 NullEvent
68 1 2.322743e+003 2.999960e+005 0 61 FriendsBody1.0.jpg
69 1 1.887469e+003 3.039959e+005 0 58 FaceFriend1.0.JPG
70 1 2.330464e+003 3.079959e+005 0 33 Sibling1.0.jpg
71 1 2.126388e+003 3.119959e+005 0 16 FrontDoor2.0.jpg
72 1 1.938660e+003 3.159958e+005 0 13 FriendBody1.0.jpg
73 1 2.152965e+003 3.199957e+005 0 23 OwnDesk1.0.jpg
74 -20 0 3.239957e+005 -10 -1 NullEvent
75 1 1.693122e+003 3.279957e+005 0 52 RelativesBody1.0.JPG
76 1 1.669987e+003 3.319956e+005 0 69 RelativeBody1.0.JPG
77 1 1.771724e+003 3.359956e+005 0 41 FriendsBody1.0.JPG
78 1 1.677946e+003 3.399956e+005 0 5 FaceFather1.0.jpg
79 -20 0 3.439955e+005 -10 -1 NullEvent
80 1 3.358659e+003 3.479955e+005 0 54 WorkBuilding1.0.JPG
81 1 2.353319e+003 3.519954e+005 0 12 FacePartner2.0.jpg
82 -20 0 3.559954e+005 -10 -1 NullEvent
83 1 1.868473e+003 3.599953e+005 0 30 RelativeBody2.0.jpg
84 -20 0 3.639954e+005 -10 -1 NullEvent
85 1 2.084009e+003 3.679953e+005 0 8 FaceFriend2.0.jpg
86 1 1.809881e+003 3.719953e+005 0 17 Keys1.0.jpg
87 -20 0 3.759952e+005 -10 -1 NullEvent
88 1 2.882963e+003 3.799952e+005 0 11 FacePartner1.0.jpg
89 1 1.624499e+003 3.839951e+005 0 37 Bedroom1.0.JPG
90 1 8.801041e+002 3.879951e+005 0 31 Shoes1.0.jpg
91 1 1.504636e+003 3.919951e+005 0 50 Pet1.0.JPG
92 1 1.860598e+003 3.959951e+005 0 43 FrontDoor1.0.JPG
93 -20 0 3.999951e+005 -10 -1 NullEvent
94 3 3.053692e+003 4.039950e+005 1 9 FaceOneSelf2.2.jpg
95 1 1.715674e+003 4.079949e+005 0 42 FriendsFace1.0.JPG
96 1 1.951915e+003 4.119948e+005 0 67 OwnHands1.0.JPG
