----This iRSA experiment results log for the subject SG --------------for the session number s02 --------- --------------for the run number 7 --------- ------The experiment took part on the 14-Oct-2010 16:00:09----- -------------------------------------------------- -------------------------------------------------- trialI  responseType_CrHMFa  rt  starttime  stimType  stimID1 1 1.645437e+003 3.199781e+004 0 45 Kitchen1.0.JPG
2 1 1.241326e+003 3.599782e+004 0 14 FriendBody2.0.jpg
3 -20 0 3.999774e+004 -10 -1 NullEvent
4 1 1.310447e+003 4.399773e+004 0 2 Bedroom2.0.jpg
5 1 1.310053e+003 4.799767e+004 0 27 Pet1.0.jpg
6 -20 0 5.199764e+004 -10 -1 NullEvent
7 -20 0 5.599764e+004 -10 -1 NullEvent
8 -20 0 5.999759e+004 -10 -1 NullEvent
9 1 1.353228e+003 6.399754e+004 0 28 Pet2.0.jpg
10 -20 0 6.799752e+004 -10 -1 NullEvent
11 1 1.336133e+003 7.199743e+004 0 52 RelativesBody1.0.JPG
12 2 1.235108e+003 7.599743e+004 1 51 RelativeBody2.1.jpg
13 3 1.787128e+003 7.999735e+004 1 55 Bedroom2.1.jpg
14 1 1.305520e+003 8.399735e+004 0 18 Keys2.0.jpg
15 1 1.413206e+003 8.799733e+004 0 66 OwnDesk1.0.jpg
16 1 1.342250e+003 9.199725e+004 0 69 RelativeBody1.0.JPG
17 1 1.740819e+003 9.599725e+004 0 46 LivingRoom.JPG
18 1 2.375084e+003 9.999724e+004 0 13 FriendBody1.0.jpg
19 1 1.332723e+003 1.039972e+005 0 58 FaceFriend1.0.JPG
20 -20 0 1.079972e+005 -10 -1 NullEvent
21 2 1.752092e+003 1.119971e+005 1 33 Sibling2.1.jpg
22 1 7.175224e+002 1.159971e+005 0 34 Sibling2.0.jpg
23 1 8.904871e+002 1.199970e+005 0 65 LivingRoom1.0.JPG
24 -20 0 1.239970e+005 -10 -1 NullEvent
25 1 1.959416e+003 1.279969e+005 0 26 OwnHands2.0.jpg
26 -20 0 1.319969e+005 -10 -1 NullEvent
27 1 1.170341e+003 1.359969e+005 0 30 RelativeBody2.0.jpg
28 1 1.484774e+003 1.399969e+005 0 62 FrontDoor.JPG
29 -20 0 1.439968e+005 -10 -1 NullEvent
30 -20 0 1.479968e+005 -10 -1 NullEvent
31 -20 0 1.519967e+005 -10 -1 NullEvent
32 1 1.370792e+003 1.559967e+005 0 15 FrontDoor1.0.jpg
33 -20 0 1.599967e+005 -10 -1 NullEvent
34 1 1.707869e+003 1.639966e+005 0 72 WorkBuilding1.0.JPG
35 -20 0 1.679966e+005 -10 -1 NullEvent
36 1 7.043954e+002 1.719965e+005 0 60 FacePartner1.0.JPG
37 1 1.484559e+003 1.759965e+005 0 44 Keys1.0.jpg
38 1 1.422750e+003 1.799965e+005 0 43 FrontDoor1.0.JPG
39 1 1.511834e+003 1.839965e+005 0 61 FriendsBody1.0.jpg
40 -20 0 1.879964e+005 -10 -1 NullEvent
41 -20 0 1.919964e+005 -10 -1 NullEvent
42 1 1.309451e+003 1.959963e+005 0 39 FaceFather.JPG
43 -20 0 1.999963e+005 -10 -1 NullEvent
44 1 2.786167e+003 2.039963e+005 0 37 Bedroom1.0.JPG
45 -20 0 2.079962e+005 -10 -1 NullEvent
46 1 2.548096e+003 2.119962e+005 0 63 Keys1.0.JPG
47 1 1.392196e+003 2.159962e+005 0 48 OwnHands1.0.JPG
48 1 1.473989e+003 2.199960e+005 0 21 LivingRoom1.0.jpg
49 -20 0 2.239961e+005 -10 -1 NullEvent
50 1 1.363786e+003 2.279961e+005 0 32 Shoes2.0.jpg
51 -20 0 2.319959e+005 -10 -1 NullEvent
52 1 1.730723e+003 2.359959e+005 0 24 OwnDesk2.0.jpg
53 -20 0 2.399959e+005 -10 -1 NullEvent
54 1 1.576783e+003 2.439959e+005 0 9 FaceOneSelf2.0.jpg
55 1 2.246117e+003 2.479959e+005 0 38 Bike1.0.JPG
56 1 1.268793e+003 2.519958e+005 0 10 FaceOneself1.0.jpg
57 2 1.665717e+003 2.559958e+005 1 59 FaceOneself2.1.jpg
58 2 1.277453e+003 2.599957e+005 1 67 OwnDesk2.1.jpg
59 1 8.112240e+002 2.639957e+005 0 6 FaceFather2.0.jpg
60 1 9.259200e+002 2.679956e+005 0 3 Bike1.0.jpg
61 1 1.209504e+003 2.719956e+005 0 56 Bike1.0.JPG
62 -20 0 2.759956e+005 -10 -1 NullEvent
63 1 1.192182e+003 2.799955e+005 0 57 FaceFather1.0.jpg
64 1 1.472130e+003 2.839955e+005 0 7 FaceFriend1.0.jpg
65 1 1.304821e+003 2.879954e+005 0 36 WorkBuilding2.0.jpg
66 1 1.340441e+003 2.919954e+005 0 68 Pet1.0.JPG
67 1 1.326112e+003 2.959954e+005 0 35 WorkBuilding1.0.jpg
68 1 1.311515e+003 2.999953e+005 0 8 FaceFriend2.0.jpg
69 1 8.367658e+002 3.039953e+005 0 71 Shoes1.0.JPG
70 1 3.043677e+003 3.079952e+005 0 19 Kitchen1.0.jpg
71 1 1.516268e+003 3.119952e+005 0 12 FacePartner2.0.jpg
72 1 1.474463e+003 3.159952e+005 0 53 Shoes1.0.JPG
73 1 1.501633e+003 3.199952e+005 0 41 FriendsBody1.0.JPG
74 1 1.787447e+003 3.239952e+005 0 49 PartnerFace.JPG
75 1 1.654074e+003 3.279951e+005 0 11 FacePartner1.0.jpg
76 1 1.421169e+003 3.319950e+005 0 40 FaceOneself1.0.JPG
77 1 1.401770e+003 3.359950e+005 0 5 FaceFather1.0.jpg
78 2 1.073064e+003 3.399949e+005 1 25 OwnHands2.1.jpg
79 1 1.424900e+003 3.439949e+005 0 1 Bedroom1.0.jpg
80 2 1.228668e+003 3.479949e+005 1 29 RelativeBody2.1.jpg
81 1 1.393682e+003 3.519949e+005 0 50 Pet1.0.JPG
82 -20 0 3.559948e+005 -10 -1 NullEvent
83 1 1.004329e+003 3.599947e+005 0 4 Bike2.0.jpg
84 1 1.684200e+003 3.639948e+005 0 20 Kitchen2.0.jpg
85 -20 0 3.679947e+005 -10 -1 NullEvent
86 1 1.673555e+003 3.719946e+005 0 22 LivingRoom2.0.jpg
87 1 1.457592e+003 3.759946e+005 0 70 RelativeFace1.0.JPG
88 1 1.427421e+003 3.799946e+005 0 47 OwnDesk1.0.JPG
89 -20 0 3.839946e+005 -10 -1 NullEvent
90 1 1.319093e+003 3.879945e+005 0 31 Shoes1.0.jpg
91 3 1.420184e+003 3.919945e+005 1 64 Keys2.1.jpg
92 1 1.482518e+003 3.959945e+005 0 42 FriendsFace1.0.JPG
93 1 2.482114e+003 3.999944e+005 0 23 OwnDesk1.0.jpg
94 1 1.690879e+003 4.039943e+005 0 16 FrontDoor2.0.jpg
95 1 1.428882e+003 4.079944e+005 0 54 WorkBuilding1.0.JPG
96 1 1.482270e+003 4.119943e+005 0 17 Keys1.0.jpg
