----This iRSA experiment results log for the subject SG --------------for the session number s02 --------- --------------for the run number 2 --------- ------The experiment took part on the 14-Oct-2010 15:18:33----- -------------------------------------------------- -------------------------------------------------- trialI  responseType_CrHMFa  rt  starttime  stimType  stimID1 1 1.472690e+003 3.199867e+004 0 70 RelativeFace1.0.JPG
2 1 1.325998e+003 3.599859e+004 0 29 RelativeBody1.0.jpg
3 1 1.897554e+003 3.999857e+004 0 55 Bedroom1.0.JPG
4 -20 0 4.399847e+004 -10 -1 NullEvent
5 1 1.614159e+003 4.799850e+004 0 2 Bedroom2.0.jpg
6 -20 0 5.199842e+004 -10 -1 NullEvent
7 1 1.560861e+003 5.599840e+004 0 36 WorkBuilding2.0.jpg
8 1 1.522334e+003 5.999841e+004 0 69 RelativeBody1.0.JPG
9 1 1.911122e+003 6.399830e+004 0 23 OwnDesk1.0.jpg
10 -20 0 6.799829e+004 -10 -1 NullEvent
11 -20 0 7.199829e+004 -10 -1 NullEvent
12 -20 0 7.599818e+004 -10 -1 NullEvent
13 1 1.503287e+003 7.999817e+004 0 13 FriendBody1.0.jpg
14 1 1.863982e+003 8.399816e+004 0 17 Keys1.0.jpg
15 -20 0 8.799812e+004 -10 -1 NullEvent
16 1 1.317680e+003 9.199804e+004 0 39 FaceFather.JPG
17 4 2.140893e+003 9.599808e+004 0 46 LivingRoom.JPG
18 1 1.407693e+003 9.999798e+004 0 63 Keys1.0.JPG
19 1 1.122371e+003 1.039980e+005 0 60 FacePartner1.0.JPG
20 2 1.505019e+003 1.079980e+005 1 21 LivingRoom2.1.jpg
21 1 1.430240e+003 1.119979e+005 0 38 Bike1.0.JPG
22 3 1.506410e+003 1.159978e+005 1 49 OwnHands2.1.jpg
23 1 1.348979e+003 1.199978e+005 0 51 RelativeFace1.0.jpg
24 -20 0 1.239978e+005 -10 -1 NullEvent
25 1 1.402912e+003 1.279978e+005 0 44 Keys1.0.jpg
26 1 1.654929e+003 1.319977e+005 0 35 WorkBuilding1.0.jpg
27 1 1.421329e+003 1.359977e+005 0 11 FacePartner1.0.jpg
28 -20 0 1.399977e+005 -10 -1 NullEvent
29 -20 0 1.439976e+005 -10 -1 NullEvent
30 1 1.531298e+003 1.479975e+005 0 50 Pet1.0.JPG
31 -20 0 1.519976e+005 -10 -1 NullEvent
32 1 1.622960e+003 1.559975e+005 0 20 Kitchen2.0.jpg
33 -20 0 1.599974e+005 -10 -1 NullEvent
34 1 1.351373e+003 1.639974e+005 0 15 FrontDoor1.0.jpg
35 1 1.405726e+003 1.679974e+005 0 4 Bike2.0.jpg
36 1 1.831897e+003 1.719973e+005 0 65 LivingRoom1.0.JPG
37 1 1.274915e+003 1.759973e+005 0 56 Bike1.0.JPG
38 1 9.355830e+002 1.799973e+005 0 31 Shoes1.0.jpg
39 -20 0 1.839972e+005 -10 -1 NullEvent
40 1 2.628243e+003 1.879972e+005 0 72 WorkBuilding1.0.JPG
41 -20 0 1.919972e+005 -10 -1 NullEvent
42 1 1.430334e+003 1.959971e+005 0 59 FaceOneself1.0.JPG
43 1 1.537151e+003 1.999971e+005 0 42 FriendsFace1.0.JPG
44 -20 0 2.039970e+005 -10 -1 NullEvent
45 1 1.072053e+003 2.079970e+005 0 18 Keys2.0.jpg
46 1 1.626828e+003 2.119969e+005 0 53 Shoes1.0.JPG
47 1 1.398230e+003 2.159969e+005 0 71 Shoes1.0.JPG
48 1 1.705368e+003 2.199969e+005 0 22 LivingRoom2.0.jpg
49 1 2.612755e+003 2.239969e+005 0 16 FrontDoor2.0.jpg
50 2 1.403445e+003 2.279969e+005 1 40 FaceFriend2.1.jpg
51 1 1.287315e+003 2.319968e+005 0 27 Pet1.0.jpg
52 -20 0 2.359967e+005 -10 -1 NullEvent
53 1 1.698981e+003 2.399967e+005 0 32 Shoes2.0.jpg
54 -20 0 2.439967e+005 -10 -1 NullEvent
55 2 1.371597e+003 2.479967e+005 1 12 FacePartner2.2.jpg
56 -20 0 2.519966e+005 -10 -1 NullEvent
57 1 6.570489e+002 2.559966e+005 0 7 FaceFriend1.0.jpg
58 -20 0 2.599965e+005 -10 -1 NullEvent
59 1 1.432220e+003 2.639965e+005 0 9 FaceOneSelf2.0.jpg
60 1 1.464515e+003 2.679964e+005 0 33 Sibling1.0.jpg
61 2 1.605430e+003 2.719964e+005 1 3 Bike2.1.jpg
62 1 1.341750e+003 2.759964e+005 0 61 FriendsBody1.0.jpg
63 1 1.556567e+003 2.799963e+005 0 37 Bedroom1.0.JPG
64 1 1.297504e+003 2.839963e+005 0 6 FaceFather2.0.jpg
65 1 1.580464e+003 2.879963e+005 0 67 OwnHands1.0.JPG
66 1 1.508863e+003 2.919962e+005 0 52 RelativesBody1.0.JPG
67 1 1.444271e+003 2.959962e+005 0 1 Bedroom1.0.jpg
68 -20 0 2.999961e+005 -10 -1 NullEvent
69 1 2.767787e+003 3.039961e+005 0 54 WorkBuilding1.0.JPG
70 -20 0 3.079960e+005 -10 -1 NullEvent
71 1 2.810731e+003 3.119960e+005 0 48 OwnHands1.0.JPG
72 -20 0 3.159960e+005 -10 -1 NullEvent
73 1 1.397210e+003 3.199960e+005 0 10 FaceOneself1.0.jpg
74 1 1.421490e+003 3.239959e+005 0 45 Kitchen1.0.JPG
75 1 1.472777e+003 3.279959e+005 0 28 Pet2.0.jpg
76 1 3.179331e+003 3.319959e+005 0 30 RelativeBody2.0.jpg
77 3 2.341249e+003 3.359958e+005 1 47 LivingRoom2.1.jpg
78 3 2.923164e+003 3.399958e+005 1 19 Kitchen2.1.jpg
79 1 1.766497e+003 3.439958e+005 0 64 Kitchen1.0.JPG
80 1 2.221013e+003 3.479957e+005 0 66 OwnDesk1.0.jpg
81 1 1.573765e+003 3.519957e+005 0 8 FaceFriend2.0.jpg
82 1 1.652302e+003 3.559956e+005 0 62 FrontDoor.JPG
83 1 2.610035e+003 3.599956e+005 0 24 OwnDesk2.0.jpg
84 1 2.072840e+003 3.639955e+005 0 41 FriendsBody1.0.JPG
85 1 1.523698e+003 3.679956e+005 0 58 FaceFriend1.0.JPG
86 1 1.651814e+003 3.719955e+005 0 43 FrontDoor1.0.JPG
87 2 1.452299e+003 3.759955e+005 1 57 FaceFather2.1.jpg
88 -20 0 3.799954e+005 -10 -1 NullEvent
89 1 1.395065e+003 3.839954e+005 0 34 Sibling2.0.jpg
90 1 1.306758e+003 3.879953e+005 0 68 Pet1.0.JPG
91 1 1.514211e+003 3.919953e+005 0 25 OwnHands1.0.jpg
92 1 1.681936e+003 3.959953e+005 0 26 OwnHands2.0.jpg
93 -20 0 3.999952e+005 -10 -1 NullEvent
94 -20 0 4.039952e+005 -10 -1 NullEvent
95 1 1.919167e+003 4.079952e+005 0 5 FaceFather1.0.jpg
96 1 1.776613e+003 4.119952e+005 0 14 FriendBody2.0.jpg
