----This iRSA experiment results log for the subject SG --------------for the session number s02 --------- --------------for the run number 5 --------- ------The experiment took part on the 14-Oct-2010 15:42:43----- -------------------------------------------------- -------------------------------------------------- trialI  responseType_CrHMFa  rt  starttime  stimType  stimID1 1 1.169774e+003 3.199790e+004 0 8 FaceFriend2.0.jpg
2 -20 0 3.599781e+004 -10 -1 NullEvent
3 1 1.303366e+003 3.999777e+004 0 29 RelativeBody1.0.jpg
4 1 1.394547e+003 4.399775e+004 0 43 FrontDoor1.0.JPG
5 -20 0 4.799767e+004 -10 -1 NullEvent
6 -20 0 5.199771e+004 -10 -1 NullEvent
7 1 1.319314e+003 5.599764e+004 0 22 LivingRoom2.0.jpg
8 -20 0 5.999762e+004 -10 -1 NullEvent
9 1 3.026381e+003 6.399757e+004 0 45 Kitchen1.0.JPG
10 1 1.434107e+003 6.799757e+004 0 62 FrontDoor.JPG
11 1 1.647548e+003 7.199750e+004 0 47 OwnDesk1.0.JPG
12 2 1.369718e+003 7.599743e+004 1 70 RelativeFace2.1.jpg
13 1 1.441885e+003 7.999738e+004 0 65 LivingRoom1.0.JPG
14 1 1.981463e+003 8.399738e+004 0 28 Pet2.0.jpg
15 -20 0 8.799731e+004 -10 -1 NullEvent
16 1 8.365309e+002 9.199732e+004 0 34 Sibling2.0.jpg
17 2 9.569775e+002 9.599731e+004 1 58 FaceFriend2.1.jpg
18 1 1.376468e+003 9.999721e+004 0 32 Shoes2.0.jpg
19 1 2.255825e+003 1.039972e+005 0 72 WorkBuilding1.0.JPG
20 1 1.537860e+003 1.079972e+005 0 64 Kitchen1.0.JPG
21 -20 0 1.119971e+005 -10 -1 NullEvent
22 -20 0 1.159971e+005 -10 -1 NullEvent
23 1 1.374635e+003 1.199971e+005 0 14 FriendBody2.0.jpg
24 -20 0 1.239970e+005 -10 -1 NullEvent
25 4 2.545050e+003 1.279970e+005 0 19 Kitchen1.0.jpg
26 1 1.381812e+003 1.319969e+005 0 1 Bedroom1.0.jpg
27 1 1.580897e+003 1.359969e+005 0 25 OwnHands1.0.jpg
28 1 1.599113e+003 1.399969e+005 0 40 FaceOneself1.0.JPG
29 1 1.371168e+003 1.439968e+005 0 51 RelativeFace1.0.jpg
30 1 1.580420e+003 1.479969e+005 0 69 RelativeBody1.0.JPG
31 -20 0 1.519968e+005 -10 -1 NullEvent
32 1 1.453399e+003 1.559967e+005 0 42 FriendsFace1.0.JPG
33 1 1.190717e+003 1.599967e+005 0 60 FacePartner1.0.JPG
34 2 1.514111e+003 1.639966e+005 1 48 OwnDesk2.1.jpg
35 1 1.451175e+003 1.679966e+005 0 30 RelativeBody2.0.jpg
36 -20 0 1.719965e+005 -10 -1 NullEvent
37 1 1.357634e+003 1.759966e+005 0 71 Shoes1.0.JPG
38 3 2.371419e+003 1.799965e+005 1 61 FriendsBody2.1.jpg
39 1 1.489530e+003 1.839964e+005 0 63 Keys1.0.JPG
40 -20 0 1.879964e+005 -10 -1 NullEvent
41 -20 0 1.919963e+005 -10 -1 NullEvent
42 1 1.719727e+003 1.959964e+005 0 20 Kitchen2.0.jpg
43 1 1.620786e+003 1.999963e+005 0 21 LivingRoom1.0.jpg
44 -20 0 2.039963e+005 -10 -1 NullEvent
45 1 1.350699e+003 2.079962e+005 0 17 Keys1.0.jpg
46 1 1.604162e+003 2.119962e+005 0 18 Keys2.0.jpg
47 -20 0 2.159961e+005 -10 -1 NullEvent
48 1 1.526219e+003 2.199961e+005 0 67 OwnHands1.0.JPG
49 1 1.438204e+003 2.239961e+005 0 11 FacePartner1.0.jpg
50 1 1.624975e+003 2.279960e+005 0 57 FaceFather1.0.jpg
51 1 1.596775e+003 2.319960e+005 0 59 FaceOneself1.0.JPG
52 1 1.702698e+003 2.359959e+005 0 55 Bedroom1.0.JPG
53 2 1.286131e+003 2.399959e+005 1 44 FrontDoor2.1.jpg
54 2 1.457026e+003 2.439959e+005 1 53 Shoes2.1.jpg
55 1 1.272936e+003 2.479958e+005 0 13 FriendBody1.0.jpg
56 -20 0 2.519958e+005 -10 -1 NullEvent
57 1 1.056169e+003 2.559958e+005 0 39 FaceFather.JPG
58 1 1.385983e+003 2.599958e+005 0 16 FrontDoor2.0.jpg
59 1 1.208522e+003 2.639957e+005 0 68 Pet1.0.JPG
60 -20 0 2.679957e+005 -10 -1 NullEvent
61 1 2.013407e+003 2.719957e+005 0 15 FrontDoor1.0.jpg
62 1 1.672652e+003 2.759955e+005 0 33 Sibling1.0.jpg
63 1 1.388017e+003 2.799956e+005 0 7 FaceFriend1.0.jpg
64 2 1.333805e+003 2.839955e+005 1 27 Pet2.1.jpg
65 -20 0 2.879955e+005 -10 -1 NullEvent
66 1 1.225452e+003 2.919955e+005 0 2 Bedroom2.0.jpg
67 -20 0 2.959954e+005 -10 -1 NullEvent
68 1 1.368553e+003 2.999954e+005 0 37 Bedroom1.0.JPG
69 -20 0 3.039954e+005 -10 -1 NullEvent
70 -20 0 3.079953e+005 -10 -1 NullEvent
71 1 1.411627e+003 3.119953e+005 0 31 Shoes1.0.jpg
72 1 1.473825e+003 3.159952e+005 0 6 FaceFather2.0.jpg
73 -20 0 3.199952e+005 -10 -1 NullEvent
74 1 1.574370e+003 3.239951e+005 0 23 OwnDesk1.0.jpg
75 1 1.402798e+003 3.279951e+005 0 35 WorkBuilding1.0.jpg
76 1 1.396884e+003 3.319951e+005 0 12 FacePartner2.0.jpg
77 1 2.829118e+003 3.359950e+005 0 66 OwnDesk1.0.jpg
78 -20 0 3.399950e+005 -10 -1 NullEvent
79 1 1.526848e+003 3.439949e+005 0 46 LivingRoom.JPG
80 1 1.589221e+003 3.479949e+005 0 3 Bike1.0.jpg
81 1 1.697035e+003 3.519949e+005 0 24 OwnDesk2.0.jpg
82 1 1.645863e+003 3.559948e+005 0 26 OwnHands2.0.jpg
83 2 1.617385e+003 3.599948e+005 1 36 WorkBuilding2.2.jpg
84 1 1.882126e+003 3.639948e+005 0 49 PartnerFace.JPG
85 1 1.343516e+003 3.679947e+005 0 56 Bike1.0.JPG
86 1 1.420135e+003 3.719947e+005 0 41 FriendsBody1.0.JPG
87 1 1.556387e+003 3.759946e+005 0 10 FaceOneself1.0.jpg
88 -20 0 3.799946e+005 -10 -1 NullEvent
89 1 1.358219e+003 3.839945e+005 0 4 Bike2.0.jpg
90 1 1.625308e+003 3.879945e+005 0 9 FaceOneSelf2.0.jpg
91 1 1.777024e+003 3.919944e+005 0 38 Bike1.0.JPG
92 1 1.429480e+003 3.959945e+005 0 50 Pet1.0.JPG
93 1 1.264521e+003 3.999944e+005 0 5 FaceFather1.0.jpg
94 1 1.325739e+003 4.039944e+005 0 52 RelativesBody1.0.JPG
95 -20 0 4.079943e+005 -10 -1 NullEvent
96 1 1.540390e+003 4.119943e+005 0 54 WorkBuilding1.0.JPG
