----This iRSA experiment results log for the subject SG --------------for the session number s02 --------- --------------for the run number 8 --------- ------The experiment took part on the 14-Oct-2010 16:08:09----- -------------------------------------------------- -------------------------------------------------- trialI  responseType_CrHMFa  rt  starttime  stimType  stimID1 1 8.101004e+002 3.199911e+004 0 35 WorkBuilding1.0.jpg
2 1 9.547263e+002 3.599907e+004 0 25 OwnHands1.0.jpg
3 1 1.348602e+003 3.999899e+004 0 51 RelativeFace1.0.jpg
4 -20 0 4.399894e+004 -10 -1 NullEvent
5 -20 0 4.799896e+004 -10 -1 NullEvent
6 1 6.855754e+002 5.199891e+004 0 11 FacePartner1.0.jpg
7 1 9.075996e+002 5.599889e+004 0 2 Bedroom2.0.jpg
8 -20 0 5.999884e+004 -10 -1 NullEvent
9 1 6.597412e+002 6.399882e+004 0 32 Shoes2.0.jpg
10 -20 0 6.799876e+004 -10 -1 NullEvent
11 1 6.080753e+002 7.199869e+004 0 34 Sibling2.0.jpg
12 1 9.149604e+002 7.599870e+004 0 16 FrontDoor2.0.jpg
13 2 1.279767e+003 7.999866e+004 1 28 Pet2.2.jpg
14 -20 0 8.399856e+004 -10 -1 NullEvent
15 -20 0 8.799856e+004 -10 -1 NullEvent
16 1 1.409462e+003 9.199849e+004 0 53 Shoes1.0.JPG
17 1 1.528390e+003 9.599849e+004 0 54 WorkBuilding1.0.JPG
18 -20 0 9.999846e+004 -10 -1 NullEvent
19 1 1.549648e+003 1.039985e+005 0 47 OwnDesk1.0.JPG
20 1 1.429098e+003 1.079984e+005 0 9 FaceOneSelf2.0.jpg
21 -20 0 1.119983e+005 -10 -1 NullEvent
22 1 9.593606e+002 1.159983e+005 0 3 Bike1.0.jpg
23 2 1.265920e+003 1.199983e+005 1 10 FaceOneself2.1.jpg
24 1 9.527322e+002 1.239982e+005 0 59 FaceOneself1.0.JPG
25 2 2.142616e+003 1.279982e+005 1 68 Pet2.1.jpg
26 -20 0 1.319982e+005 -10 -1 NullEvent
27 1 1.200142e+003 1.359981e+005 0 27 Pet1.0.jpg
28 1 1.016291e+003 1.399981e+005 0 21 LivingRoom1.0.jpg
29 1 1.408147e+003 1.439981e+005 0 60 FacePartner1.0.JPG
30 -20 0 1.479981e+005 -10 -1 NullEvent
31 -20 0 1.519980e+005 -10 -1 NullEvent
32 1 1.245007e+003 1.559980e+005 0 13 FriendBody1.0.jpg
33 1 1.312286e+003 1.599979e+005 0 33 Sibling1.0.jpg
34 1 1.444199e+003 1.639978e+005 0 44 Keys1.0.jpg
35 1 1.828660e+003 1.679978e+005 0 46 LivingRoom.JPG
36 -20 0 1.719978e+005 -10 -1 NullEvent
37 1 1.758913e+003 1.759977e+005 0 30 RelativeBody2.0.jpg
38 1 1.311546e+003 1.799977e+005 0 72 WorkBuilding1.0.JPG
39 1 1.333525e+003 1.839977e+005 0 26 OwnHands2.0.jpg
40 1 1.387552e+003 1.879977e+005 0 36 WorkBuilding2.0.jpg
41 1 1.466059e+003 1.919976e+005 0 38 Bike1.0.JPG
42 1 1.584627e+003 1.959976e+005 0 49 PartnerFace.JPG
43 2 1.331228e+003 1.999975e+005 1 31 Shoes2.1.jpg
44 1 1.301919e+003 2.039975e+005 0 55 Bedroom1.0.JPG
45 -20 0 2.079975e+005 -10 -1 NullEvent
46 -20 0 2.119975e+005 -10 -1 NullEvent
47 1 1.380262e+003 2.159974e+005 0 20 Kitchen2.0.jpg
48 1 1.349377e+003 2.199974e+005 0 39 FaceFather.JPG
49 1 1.639294e+003 2.239973e+005 0 29 RelativeBody1.0.jpg
50 1 1.801200e+003 2.279973e+005 0 1 Bedroom1.0.jpg
51 1 1.325294e+003 2.319973e+005 0 56 Bike1.0.JPG
52 1 8.384218e+002 2.359972e+005 0 18 Keys2.0.jpg
53 1 1.624798e+003 2.399972e+005 0 23 OwnDesk1.0.jpg
54 1 1.298851e+003 2.439971e+005 0 8 FaceFriend2.0.jpg
55 1 1.410222e+003 2.479971e+005 0 41 FriendsBody1.0.JPG
56 1 1.826873e+003 2.519970e+005 0 14 FriendBody2.0.jpg
57 2 1.462325e+003 2.559970e+005 1 69 RelativeBody2.1.jpg
58 1 1.527424e+003 2.599970e+005 0 62 FrontDoor.JPG
59 1 8.182298e+002 2.639970e+005 0 5 FaceFather1.0.jpg
60 1 1.302516e+003 2.679969e+005 0 58 FaceFriend1.0.JPG
61 -20 0 2.719969e+005 -10 -1 NullEvent
62 1 1.297493e+003 2.759968e+005 0 7 FaceFriend1.0.jpg
63 1 1.272151e+003 2.799968e+005 0 71 Shoes1.0.JPG
64 1 1.577374e+003 2.839968e+005 0 67 OwnHands1.0.JPG
65 -20 0 2.879967e+005 -10 -1 NullEvent
66 1 1.284650e+003 2.919967e+005 0 70 RelativeFace1.0.JPG
67 1 1.303491e+003 2.959966e+005 0 43 FrontDoor1.0.JPG
68 1 1.473493e+003 2.999966e+005 0 15 FrontDoor1.0.jpg
69 -20 0 3.039966e+005 -10 -1 NullEvent
70 -20 0 3.079965e+005 -10 -1 NullEvent
71 1 1.396275e+003 3.119965e+005 0 22 LivingRoom2.0.jpg
72 1 1.315980e+003 3.159965e+005 0 63 Keys1.0.JPG
73 1 1.488699e+003 3.199965e+005 0 61 FriendsBody1.0.jpg
74 1 1.379432e+003 3.239964e+005 0 57 FaceFather1.0.jpg
75 -20 0 3.279963e+005 -10 -1 NullEvent
76 1 1.407766e+003 3.319963e+005 0 66 OwnDesk1.0.jpg
77 1 1.529251e+003 3.359963e+005 0 24 OwnDesk2.0.jpg
78 1 1.469577e+003 3.399963e+005 0 65 LivingRoom1.0.JPG
79 1 1.532000e+003 3.439962e+005 0 19 Kitchen1.0.jpg
80 1 1.387552e+003 3.479962e+005 0 12 FacePartner2.0.jpg
81 -20 0 3.519962e+005 -10 -1 NullEvent
82 -20 0 3.559961e+005 -10 -1 NullEvent
83 1 1.399409e+003 3.599960e+005 0 42 FriendsFace1.0.JPG
84 -20 0 3.639960e+005 -10 -1 NullEvent
85 1 1.430638e+003 3.679960e+005 0 40 FaceOneself1.0.JPG
86 1 1.438448e+003 3.719960e+005 0 45 Kitchen1.0.JPG
87 1 1.535940e+003 3.759959e+005 0 4 Bike2.0.jpg
88 -20 0 3.799959e+005 -10 -1 NullEvent
89 2 1.327828e+003 3.839958e+005 1 52 RelativeFace2.1.jpg
90 1 1.239051e+003 3.879958e+005 0 6 FaceFather2.0.jpg
91 1 1.288181e+003 3.919957e+005 0 64 Kitchen1.0.JPG
92 1 1.373349e+003 3.959957e+005 0 48 OwnHands1.0.JPG
93 2 2.143876e+003 3.999957e+005 1 37 Bedroom2.1.jpg
94 2 1.544377e+003 4.039956e+005 1 17 Keys2.1.jpg
95 -20 0 4.079956e+005 -10 -1 NullEvent
96 1 1.335740e+003 4.119956e+005 0 50 Pet1.0.JPG
